20 100
1 2
1 4
1 6
1 8
1 10
1 12
1 14
1 16
1 18
1 20
3 2
3 4
3 6
3 8
3 10
3 12
3 14
3 16
3 18
3 20
5 2
5 4
5 6
5 8
5 10
5 12
5 14
5 16
5 18
5 20
7 2
7 4
7 6
7 8
7 10
7 12
7 14
7 16
7 18
7 20
9 2
9 4
9 6
9 8
9 10
9 12
9 14
9 16
9 18
9 20
11 2
11 4
11 6
11 8
11 10
11 12
11 14
11 16
11 18
11 20
13 2
13 4
13 6
13 8
13 10
13 12
13 14
13 16
13 18
13 20
15 2
15 4
15 6
15 8
15 10
15 12
15 14
15 16
15 18
15 20
17 2
17 4
17 6
17 8
17 10
17 12
17 14
17 16
17 18
17 20
19 2
19 4
19 6
19 8
19 10
19 12
19 14
19 16
19 18
19 20