47 236
1 2
1 3
2 4
3 5
4 5
1 6
2 7
1 6
3 8
2 7
4 9
3 8
5 10
4 9
5 10
6 11
7 11
8 11
9 11
10 11
1 12
2 13
1 12
3 14
2 13
4 15
3 14
5 16
4 15
5 16
1 12
6 17
2 13
7 18
1 12
6 17
3 14
8 19
2 13
7 18
4 15
9 20
3 14
8 19
5 16
10 21
4 15
9 20
5 16
10 21
6 17
11 22
7 18
11 22
8 19
11 22
9 20
11 22
10 21
11 22
12 23
13 23
14 23
15 23
16 23
17 23
18 23
19 23
20 23
21 23
22 23
1 24
2 25
1 24
3 26
2 25
4 27
3 26
5 28
4 27
5 28
1 24
6 29
2 25
7 30
1 24
6 29
3 26
8 31
2 25
7 30
4 27
9 32
3 26
8 31
5 28
10 33
4 27
9 32
5 28
10 33
6 29
11 34
7 30
11 34
8 31
11 34
9 32
11 34
10 33
11 34
1 24
12 35
2 25
13 36
1 24
12 35
3 26
14 37
2 25
13 36
4 27
15 38
3 26
14 37
5 28
16 39
4 27
15 38
5 28
16 39
1 24
12 35
6 29
17 40
2 25
13 36
7 30
18 41
1 24
12 35
6 29
17 40
3 26
14 37
8 31
19 42
2 25
13 36
7 30
18 41
4 27
15 38
9 32
20 43
3 26
14 37
8 31
19 42
5 28
16 39
10 33
21 44
4 27
15 38
9 32
20 43
5 28
16 39
10 33
21 44
6 29
17 40
11 34
22 45
7 30
18 41
11 34
22 45
8 31
19 42
11 34
22 45
9 32
20 43
11 34
22 45
10 33
21 44
11 34
22 45
12 35
23 46
13 36
23 46
14 37
23 46
15 38
23 46
16 39
23 46
17 40
23 46
18 41
23 46
19 42
23 46
20 43
23 46
21 44
23 46
22 45
23 46
24 47
25 47
26 47
27 47
28 47
29 47
30 47
31 47
32 47
33 47
34 47
35 47
36 47
37 47
38 47
39 47
40 47
41 47
42 47
43 47
44 47
45 47
46 47