1000 5000
229 670
211 840
657 965
141 183
146 761
453 779
41 424
152 282
190 779
249 333
780 799
13 509
352 784
751 947
737 939
257 779
96 322
282 494
227 985
89 920
334 961
541 621
634 644
466 607
430 905
514 539
218 313
92 563
185 586
292 874
272 359
352 672
503 663
219 688
291 712
271 422
112 288
383 568
242 700
168 551
807 816
940 957
321 382
178 439
253 977
418 646
221 648
202 305
43 905
172 230
407 706
541 800
448 913
156 789
178 253
413 641
641 678
193 367
19 96
537 770
40 230
336 487
246 291
318 347
564 663
11 874
621 930
452 627
56 934
199 742
499 568
460 786
685 689
371 751
32 521
162 952
237 735
18 107
328 432
91 265
274 586
39 116
74 707
5 383
613 746
100 102
317 1000
9 161
304 393
562 620
325 978
469 669
491 502
73 810
199 516
148 618
645 762
8 188
121 328
69 898
231 578
14 374
876 885
329 813
287 700
476 900
148 473
493 557
383 775
296 716
167 353
83 337
143 903
275 982
370 616
810 989
23 109
211 296
430 522
490 907
553 788
327 673
145 295
219 885
458 720
404 628
21 55
92 843
116 235
498 666
94 692
83 431
413 813
213 560
654 789
343 428
17 410
143 750
402 574
288 745
1 480
519 546
187 534
477 816
99 226
941 994
409 702
104 247
46 581
158 468
16 163
234 870
329 726
56 122
790 933
238 301
132 183
62 581
172 688
281 943
389 763
29 345
359 445
34 475
489 761
70 623
90 691
59 116
496 810
98 978
338 815
501 822
543 848
196 622
598 943
521 600
99 816
78 500
78 937
786 909
821 975
326 423
606 928
203 424
59 175
258 565
204 967
577 686
351 880
702 756
10 178
134 798
356 666
66 992
213 682
382 926
476 922
310 833
790 956
497 846
115 427
350 440
757 882
222 231
57 739
668 851
504 776
189 315
403 971
358 637
192 577
135 724
236 455
271 277
54 785
919 962
21 643
719 993
593 770
556 581
519 882
528 890
102 408
66 364
51 704
391 529
375 794
568 576
362 822
230 246
91 694
491 742
17 507
622 834
846 849
316 785
462 485
318 533
265 757
68 100
50 142
161 497
343 631
452 782
398 827
183 547
182 435
183 341
218 575
422 504
366 716
426 442
45 574
136 358
173 212
818 894
446 519
285 485
635 712
467 737
180 717
245 337
612 712
42 746
153 997
544 888
246 271
135 717
232 575
319 721
251 688
504 783
265 284
344 888
159 621
364 958
308 979
620 914
57 930
386 430
560 941
776 890
100 395
242 478
230 787
618 773
379 673
198 872
180 950
421 685
208 609
337 696
302 826
585 753
250 465
158 997
253 910
141 745
179 983
309 908
865 926
16 121
55 978
131 856
168 665
556 789
187 480
389 581
546 681
726 854
393 820
51 816
548 881
551 967
880 983
240 630
114 317
204 580
369 515
41 144
317 376
190 563
410 432
120 481
513 948
142 438
474 751
53 430
644 860
60 913
96 602
866 988
153 927
278 763
542 596
101 268
138 262
101 881
428 966
488 991
261 715
874 998
407 790
54 914
382 874
55 954
521 863
536 567
371 471
8 699
462 503
136 986
28 600
88 585
431 876
322 957
88 499
203 776
511 900
41 963
131 833
225 593
246 805
10 530
162 780
19 138
148 388
168 815
407 499
137 251
157 626
301 621
158 821
253 702
309 695
201 278
221 981
200 853
594 666
406 713
151 437
170 974
464 602
812 964
47 260
288 669
272 455
897 980
94 667
128 348
19 360
611 921
573 647
316 830
80 394
524 768
230 924
485 498
141 795
143 715
827 849
646 824
24 471
813 915
80 212
743 907
392 966
317 655
8 305
634 774
231 969
287 646
570 923
165 555
684 717
313 869
154 796
193 463
434 572
146 681
398 558
367 720
705 993
23 562
318 934
652 808
484 967
11 465
70 166
181 540
291 362
418 437
276 414
42 505
6 340
653 722
28 225
322 911
566 865
456 976
472 491
56 181
129 244
568 971
290 763
419 965
15 46
63 839
283 469
783 863
199 793
457 458
130 288
702 977
151 943
703 823
483 797
814 963
246 363
227 720
711 744
252 869
256 725
242 620
310 983
225 845
27 274
7 909
585 855
213 638
251 973
142 193
489 592
290 643
776 997
707 923
425 518
156 376
376 905
144 997
310 347
185 280
574 770
39 984
132 676
172 754
708 972
414 691
660 815
257 523
130 974
352 834
791 946
701 763
152 393
150 660
65 632
138 228
357 496
195 493
358 454
216 305
343 374
731 857
218 451
267 968
399 512
383 529
131 456
346 700
39 830
2 810
224 433
27 235
271 383
122 336
359 662
303 645
163 837
181 622
386 646
684 916
741 837
170 753
615 876
64 473
597 737
376 912
27 719
318 547
731 944
552 627
143 550
24 631
520 604
166 790
581 776
161 213
550 616
290 636
92 414
40 599
442 512
240 319
98 510
398 912
222 521
502 915
284 661
48 353
157 598
357 505
234 628
489 772
352 968
370 427
296 538
573 997
924 933
83 584
29 540
466 854
601 720
413 893
430 581
15 404
326 746
471 797
257 401
26 424
498 733
64 464
634 939
100 633
229 501
379 901
834 854
190 767
103 939
16 536
125 623
642 996
201 217
19 501
255 896
96 278
131 674
759 933
60 223
101 933
118 408
134 998
374 507
11 287
233 328
87 104
108 793
72 842
273 831
660 829
201 791
424 701
331 987
80 335
704 708
559 659
156 423
619 754
467 513
344 500
107 775
200 419
328 760
143 973
491 529
388 850
78 388
613 716
315 978
468 925
128 202
202 282
493 702
519 971
293 731
243 939
118 670
688 876
192 284
211 607
175 660
86 439
395 714
237 547
664 742
555 578
76 615
898 990
248 953
463 732
528 608
531 557
325 790
931 944
215 603
56 448
270 974
215 481
696 929
187 733
576 892
367 652
96 961
276 717
634 731
314 914
717 821
389 557
279 592
13 121
325 620
720 732
613 757
190 197
428 586
466 661
525 884
234 316
469 760
396 611
368 651
59 372
223 840
334 837
760 924
6 230
740 773
478 931
637 959
376 933
123 147
214 389
144 961
72 446
127 310
2 601
496 953
314 359
315 514
44 810
544 765
82 190
104 292
160 577
106 200
397 759
18 236
42 230
207 672
460 742
447 731
33 627
195 457
412 577
69 719
219 677
182 555
608 905
70 109
20 164
271 339
120 798
466 652
12 507
341 411
655 770
487 603
507 911
533 764
187 525
186 639
81 725
351 790
261 404
82 371
153 192
234 358
451 487
68 930
587 729
167 373
117 954
260 998
99 972
192 623
706 799
337 508
196 996
214 858
696 943
590 737
117 555
244 421
444 551
599 621
690 852
191 927
841 909
197 809
295 833
427 796
691 942
176 727
11 480
174 507
374 750
306 326
138 473
53 528
364 464
290 866
73 831
220 954
111 339
116 337
425 921
334 855
127 994
317 582
267 772
503 959
72 791
489 975
343 714
628 895
76 967
40 683
5 83
632 665
23 489
208 284
337 515
136 723
321 713
766 965
875 885
72 870
548 959
94 397
206 241
7 384
68 242
196 463
272 503
571 582
370 829
6 759
940 958
171 820
596 905
305 539
108 547
52 816
595 880
501 636
134 810
502 815
35 146
783 870
676 727
539 616
556 714
153 520
353 811
49 623
157 198
375 921
233 864
343 773
363 516
804 860
363 369
700 925
147 775
534 588
577 996
133 312
599 942
194 310
162 953
182 971
454 876
58 518
132 862
331 518
99 773
723 776
479 892
461 587
387 975
727 848
138 772
4 43
12 480
798 992
438 837
165 691
295 708
3 767
813 956
4 186
351 438
111 353
166 259
546 642
836 952
855 870
360 720
876 886
200 239
956 964
422 658
79 663
208 863
61 765
209 554
283 985
231 376
361 918
469 579
568 708
695 782
950 969
222 304
574 933
611 701
796 940
214 734
765 966
53 506
552 866
274 578
318 616
504 548
377 999
28 136
726 979
485 879
84 288
180 390
489 529
509 899
229 435
330 381
205 639
77 778
39 520
332 956
100 253
564 759
263 757
12 33
68 595
931 973
474 608
75 297
57 806
41 631
334 987
573 843
962 973
372 572
317 791
813 966
527 900
267 952
417 448
452 610
195 592
660 750
275 405
42 831
520 739
9 788
380 713
109 155
18 551
346 639
644 759
40 499
259 348
761 993
705 956
23 218
617 818
523 751
762 839
44 990
693 946
305 526
103 866
175 399
69 573
454 548
471 670
165 479
555 945
111 375
185 497
261 806
208 515
478 905
85 733
247 930
732 847
127 216
382 927
628 851
644 984
609 679
21 273
168 486
408 672
362 625
203 575
789 796
629 733
723 942
812 984
9 330
305 889
105 273
470 582
451 659
808 966
473 643
592 813
326 666
149 696
24 927
730 776
119 677
463 941
123 213
380 823
53 130
110 408
326 864
311 617
220 917
681 970
352 614
77 828
170 699
351 429
192 927
209 855
357 950
341 588
469 792
273 879
17 36
384 987
242 899
258 371
226 841
6 70
98 626
634 861
45 484
232 245
603 979
766 1000
175 191
688 899
233 860
271 285
552 968
241 822
19 236
629 875
95 500
735 791
338 798
709 829
29 475
68 682
270 817
15 429
35 345
341 473
201 500
809 879
348 381
240 649
347 824
2 178
354 555
6 799
71 986
347 373
61 405
671 716
433 952
655 893
195 297
345 737
806 822
127 948
257 701
368 723
347 937
793 854
471 684
25 508
81 548
629 909
40 368
209 840
140 334
214 461
641 666
749 921
457 470
203 227
38 373
22 878
58 169
439 628
62 639
764 795
380 473
91 163
93 774
864 993
59 577
5 458
445 616
64 79
65 119
690 869
448 659
106 403
508 854
269 784
237 699
468 884
642 704
238 602
296 317
478 979
153 322
138 803
486 624
215 819
56 627
312 583
96 372
258 466
300 748
337 427
65 401
230 629
429 912
651 739
345 539
312 332
457 677
296 656
117 626
260 958
137 876
407 953
248 436
464 716
100 299
396 763
566 950
362 618
205 826
540 936
504 728
263 560
512 543
178 498
486 813
142 244
255 798
453 631
181 492
140 171
198 300
261 905
5 137
99 815
26 597
116 282
49 988
31 708
341 348
472 944
108 620
399 799
471 674
56 634
38 835
437 809
3 370
39 414
540 641
163 830
83 854
83 653
402 538
265 421
334 911
300 381
12 521
470 640
732 851
362 706
73 506
18 864
549 605
202 734
826 955
384 533
455 693
243 688
245 791
356 782
11 323
234 536
434 573
234 981
311 687
661 688
593 877
242 456
280 352
119 327
304 460
600 628
305 869
35 825
324 553
307 585
753 988
20 821
317 534
233 459
124 737
128 553
515 752
113 955
649 890
405 878
248 595
616 952
530 793
415 868
752 905
659 912
125 350
475 998
457 796
421 953
617 766
355 668
30 420
73 903
18 746
311 676
421 778
743 865
465 967
45 142
395 796
50 612
126 893
123 332
255 780
110 460
54 425
348 788
662 818
22 552
846 949
333 734
425 517
522 608
102 271
88 607
548 775
54 674
113 617
293 688
40 791
495 980
64 141
193 303
104 201
433 821
124 930
265 618
877 946
107 891
54 861
149 967
149 370
739 849
224 701
222 519
376 616
196 486
15 930
141 547
252 688
329 629
664 944
167 551
520 895
21 867
777 778
99 648
524 863
251 264
550 655
664 991
189 391
244 281
336 368
389 528
86 588
322 469
904 935
339 778
341 626
32 445
144 305
18 845
132 998
222 352
665 927
462 754
449 721
104 906
33 623
639 753
159 251
179 866
252 719
113 151
240 852
39 747
591 910
369 877
387 996
206 759
651 806
239 329
24 203
690 759
305 904
360 632
269 354
487 559
33 728
309 315
112 414
75 223
60 361
226 532
59 812
740 784
228 941
5 883
781 892
433 982
489 978
87 876
293 791
517 834
75 755
330 995
809 966
208 305
299 337
209 934
266 900
527 852
125 361
270 569
416 430
752 958
183 642
79 861
118 264
177 635
804 897
87 519
142 413
215 562
71 788
713 940
238 913
147 850
132 457
197 829
406 749
480 916
478 814
245 545
131 579
609 793
472 996
289 847
201 573
736 934
381 919
60 352
573 675
317 570
546 868
600 767
233 589
165 614
26 886
207 352
135 647
176 342
178 541
358 674
412 724
822 839
287 610
418 839
310 476
419 570
704 732
595 949
462 764
120 681
447 733
448 597
116 976
232 632
309 801
71 454
326 586
491 521
473 595
109 527
423 574
78 833
337 886
188 559
321 988
105 466
474 787
308 827
75 528
534 899
294 809
352 507
136 343
869 939
449 461
177 651
303 512
547 961
749 976
608 684
785 852
77 178
336 500
262 443
155 808
425 831
670 807
269 427
490 735
215 595
352 660
441 530
558 964
266 793
690 858
472 579
128 741
73 273
43 441
206 418
152 970
134 686
523 717
102 553
12 500
530 534
358 903
69 607
339 434
254 803
145 714
417 791
277 642
96 754
460 568
117 190
498 826
9 720
305 633
693 965
503 929
126 531
91 905
183 632
202 668
312 970
614 772
190 410
228 668
227 803
375 906
63 872
395 584
620 954
639 772
142 601
23 527
109 513
18 704
852 930
959 974
448 877
67 139
301 709
339 443
250 866
378 738
399 413
426 896
153 200
6 209
318 711
9 729
281 809
210 308
205 256
106 357
89 299
595 987
189 277
389 819
118 485
423 967
30 575
731 773
368 979
771 945
133 867
151 388
10 872
28 497
263 943
239 362
365 656
685 711
67 317
636 832
454 560
93 753
754 832
42 446
260 659
616 865
581 844
106 710
13 186
213 866
17 756
179 613
125 523
92 917
937 976
720 923
876 888
3 435
115 867
116 456
685 798
649 946
214 853
586 677
917 981
919 945
385 909
278 730
151 413
316 476
249 492
447 753
564 971
820 938
80 872
280 304
531 697
551 767
452 652
221 622
147 887
187 930
222 786
385 587
760 767
9 167
557 832
500 845
448 891
395 657
33 835
88 274
209 722
136 569
53 182
178 867
311 541
93 714
114 388
22 976
423 473
315 688
522 568
57 614
613 633
411 868
545 905
780 926
51 982
674 802
72 475
364 828
40 292
60 581
296 718
224 758
406 953
172 289
173 429
389 752
525 942
269 463
253 671
180 222
490 870
568 890
917 990
402 743
185 602
40 553
458 847
98 428
43 686
120 129
29 601
781 937
194 837
28 455
452 651
586 866
492 917
492 610
272 486
572 817
242 579
920 967
99 781
238 357
137 483
636 854
33 836
229 845
285 534
412 981
141 764
140 677
36 89
147 387
347 414
647 840
597 664
212 528
286 972
412 836
470 472
254 942
165 422
149 322
61 160
282 706
902 981
634 840
155 781
502 937
713 914
532 879
293 951
424 928
794 952
740 970
25 637
615 718
10 350
151 403
134 169
195 992
103 780
622 953
309 706
58 521
437 488
205 305
866 928
45 200
407 890
230 315
140 458
17 590
159 320
473 887
130 871
367 984
705 761
208 362
941 985
15 641
54 868
956 987
95 377
830 996
962 965
500 900
232 570
909 950
896 950
17 805
782 843
570 628
719 995
204 679
43 668
339 517
599 948
232 585
513 809
382 677
773 962
558 680
133 1000
120 841
154 984
745 785
581 927
321 899
70 774
70 203
161 570
865 923
55 189
477 768
439 969
150 211
170 696
153 173
210 966
232 658
780 907
512 996
284 507
508 551
288 872
35 634
751 847
36 769
347 960
242 896
25 107
208 240
979 998
742 893
48 926
123 633
128 876
553 695
934 953
495 733
95 621
683 763
243 278
631 705
480 996
278 742
246 444
446 722
247 728
31 927
69 669
269 331
605 891
255 875
327 835
769 771
2 179
342 899
422 989
734 844
821 942
406 684
208 611
80 414
597 706
122 572
618 729
286 918
325 364
363 698
141 348
848 915
647 744
156 882
182 758
53 758
511 723
534 826
93 607
204 582
614 725
166 832
470 742
125 878
162 216
218 493
159 931
663 665
59 576
351 518
524 692
561 902
62 719
651 772
249 964
85 123
253 532
586 902
736 909
71 978
185 999
259 434
501 688
688 852
448 862
433 635
123 297
107 518
21 629
208 351
652 973
120 379
407 758
283 473
357 935
746 774
125 331
752 924
18 870
439 588
389 439
283 374
301 619
233 845
342 377
144 357
200 855
368 425
294 508
492 608
246 398
49 834
555 722
702 775
901 994
187 988
43 77
226 487
136 398
632 937
502 738
29 679
766 800
633 951
28 593
289 794
252 906
718 903
573 758
98 685
427 545
264 584
409 507
263 266
581 795
232 348
345 936
161 267
146 532
74 572
625 644
420 512
828 932
499 636
444 957
83 176
532 778
75 90
97 169
426 634
889 1000
335 974
337 784
14 636
128 224
40 898
41 495
226 520
116 223
741 748
227 500
133 972
375 546
45 858
506 831
136 970
7 551
12 101
781 848
163 403
879 967
881 921
76 637
42 573
313 771
82 225
462 811
427 432
484 807
32 416
12 244
229 996
141 472
470 502
253 435
70 326
534 666
574 1000
792 847
24 79
242 932
353 850
481 559
165 872
39 169
95 491
443 922
226 262
282 603
299 523
373 666
391 929
502 507
428 608
280 360
232 428
287 848
454 736
393 628
274 455
590 859
259 978
276 988
150 584
299 469
262 731
104 187
675 785
106 284
33 225
17 111
267 691
143 731
30 792
93 412
368 752
511 614
292 649
236 706
271 748
208 905
37 447
478 515
186 719
303 362
306 989
21 326
258 920
353 875
327 793
618 991
456 695
440 593
755 880
115 666
827 920
204 761
148 258
371 686
390 638
701 959
854 868
780 895
600 952
378 708
622 878
434 882
16 916
129 171
20 369
19 385
223 298
331 710
760 905
297 909
831 961
100 636
190 762
227 953
303 386
51 998
341 640
786 984
68 72
329 771
532 705
37 440
76 627
332 965
42 120
465 729
176 345
529 784
144 664
582 593
270 962
143 410
508 601
275 936
493 929
537 970
96 821
9 962
48 222
579 800
47 437
431 608
317 862
651 968
342 755
454 788
56 419
20 137
129 998
187 907
222 670
663 865
48 754
67 347
675 709
13 470
820 880
586 933
141 684
11 454
215 894
19 390
516 840
382 762
167 251
298 435
12 18
603 871
430 698
105 971
88 99
285 289
473 943
625 727
535 763
69 953
50 861
384 425
246 798
523 903
84 215
231 288
674 892
325 720
89 132
141 910
639 872
348 732
185 230
59 403
310 783
277 584
6 963
133 217
561 835
673 710
194 876
216 257
287 355
126 473
520 675
8 13
100 915
691 861
121 933
250 413
582 874
895 976
211 807
436 523
529 555
111 907
57 873
224 869
278 424
44 491
5 891
265 563
112 485
220 273
95 297
540 765
227 353
653 837
321 740
13 603
530 890
177 738
17 664
714 885
309 618
307 313
141 508
613 866
154 396
155 963
619 749
46 150
53 411
459 924
447 918
232 819
175 487
214 552
12 510
17 442
254 356
509 996
604 941
556 840
298 543
225 984
212 419
512 820
790 901
256 620
365 966
404 938
437 798
813 999
134 397
11 888
214 833
782 866
70 527
144 850
267 921
255 513
291 472
570 591
42 683
8 535
502 561
817 926
309 740
536 962
183 207
313 591
665 687
717 957
78 841
448 732
286 539
88 318
306 662
329 942
36 499
419 461
202 967
540 604
157 790
229 953
220 323
267 769
473 898
207 369
27 416
193 259
176 816
525 898
14 836
163 577
2 299
757 771
386 503
442 546
188 591
632 771
796 833
828 853
410 497
182 544
1 212
665 688
425 443
500 888
191 595
106 774
13 506
182 878
661 863
679 773
204 990
133 576
150 939
704 969
136 923
174 183
693 973
749 961
202 203
516 947
262 576
108 895
14 282
107 257
254 517
644 885
165 854
442 557
223 606
560 909
137 940
140 801
417 889
698 730
91 248
271 419
76 679
224 365
149 674
152 356
25 167
227 447
371 664
618 763
585 721
213 325
50 233
107 559
71 904
453 898
384 761
45 930
834 947
230 605
410 666
33 826
325 434
475 615
441 699
483 966
190 990
389 827
792 995
907 946
231 381
178 574
124 409
160 616
825 874
330 709
204 289
186 308
81 999
387 928
173 889
377 678
691 708
818 955
747 893
110 538
55 602
78 489
481 704
101 674
10 316
173 650
214 899
51 543
32 182
216 606
566 695
306 643
199 954
181 309
130 735
590 915
573 735
116 715
602 715
123 811
196 214
363 622
164 661
56 961
221 836
554 854
220 825
97 769
313 828
596 880
640 932
246 884
376 562
51 317
752 969
12 704
368 962
387 937
102 493
377 687
582 817
886 918
56 746
237 800
256 289
2 167
41 859
596 598
23 223
298 497
500 853
102 380
249 920
704 943
819 987
514 705
198 350
219 560
553 938
608 721
311 942
17 415
679 816
269 891
741 923
412 664
747 912
469 473
529 847
128 992
552 589
437 640
55 650
39 332
902 970
190 439
279 535
599 969
430 929
196 407
767 856
640 810
416 586
234 571
112 249
204 343
665 854
481 609
27 317
11 551
191 957
158 879
90 154
774 832
539 851
901 909
23 212
60 886
413 760
31 825
692 741
606 935
576 897
205 385
480 640
939 964
243 924
445 488
564 760
423 789
88 742
213 892
83 755
410 759
17 33
288 850
327 441
454 949
184 622
184 931
510 572
276 521
167 272
160 637
571 759
219 410
148 812
202 523
223 999
332 718
243 272
632 806
928 973
31 913
505 986
123 976
17 504
641 997
146 156
438 957
184 279
845 904
646 699
6 721
256 868
147 214
438 486
230 307
391 980
895 1000
129 314
368 734
826 829
721 779
222 919
19 890
463 737
617 970
282 456
320 940
305 662
175 946
718 802
771 772
628 932
101 447
83 156
601 817
121 772
307 711
604 887
507 665
825 902
294 451
593 693
167 414
349 673
81 963
96 907
279 666
247 289
265 658
301 649
140 183
137 388
269 330
586 924
235 243
770 794
73 295
201 506
408 583
575 777
353 535
193 539
378 419
621 677
17 386
309 905
751 998
165 463
937 939
242 809
6 603
152 758
89 999
544 712
172 188
191 319
486 718
123 640
233 359
384 980
19 573
404 866
298 870
478 695
44 313
228 251
43 892
730 869
250 261
452 601
503 725
90 305
644 917
166 645
538 620
43 198
5 899
136 590
600 989
340 502
178 505
106 401
638 693
109 313
401 512
199 589
220 393
75 579
736 910
77 859
441 775
650 696
208 449
276 960
264 349
504 578
377 897
77 272
450 568
713 851
111 538
186 504
22 57
773 836
614 882
7 250
355 365
533 931
54 179
129 421
539 580
828 942
352 741
336 623
149 938
315 581
10 61
52 570
312 317
330 747
220 606
205 323
276 661
189 521
97 346
246 399
46 653
106 975
36 419
203 949
310 587
3 231
165 187
578 878
64 503
27 765
247 420
194 208
485 906
552 641
206 269
151 233
65 754
463 811
286 784
360 402
141 478
107 911
625 699
241 846
681 844
648 868
367 620
542 570
63 541
264 418
29 968
637 744
105 354
123 527
407 639
108 268
362 595
563 765
47 866
90 669
75 992
77 433
752 995
276 668
171 692
189 514
249 418
543 739
690 789
484 962
266 285
715 871
55 901
741 848
226 946
504 592
49 414
195 286
123 294
363 672
200 616
181 991
664 834
590 960
79 723
387 730
65 715
107 234
665 915
65 612
299 832
391 734
16 442
626 831
218 816
845 980
829 890
3 68
66 326
502 504
196 691
708 742
396 634
118 647
36 465
239 767
365 848
420 443
650 792
557 903
168 485
86 587
178 671
158 627
129 693
455 867
388 585
316 625
562 889
689 839
448 979
74 504
241 888
203 634
165 372
96 394
738 825
481 490
27 383
411 617
428 457
174 951
29 623
69 291
343 371
417 501
509 658
40 55
774 902
573 574
187 312
223 388
79 309
580 689
318 599
154 924
122 351
598 979
283 816
419 464
754 808
38 428
189 389
43 518
119 196
728 883
530 579
33 249
216 541
203 629
474 951
127 851
753 861
130 670
259 619
115 494
116 480
117 286
635 743
465 789
778 846
466 636
70 539
198 620
180 239
397 830
94 429
612 669
350 396
872 941
47 889
468 802
88 838
217 691
640 685
452 462
401 596
217 473
456 703
383 539
927 942
936 958
399 522
406 744
244 499
137 543
132 887
780 887
466 670
365 503
367 503
223 274
25 319
426 938
355 874
871 903
48 578
50 858
288 811
790 904
572 608
614 785
152 544
120 415
357 963
339 789
251 759
211 968
397 823
191 796
713 961
62 973
127 809
275 359
295 966
202 752
38 252
44 710
82 679
547 819
74 791
128 745
398 521
899 913
495 527
277 781
62 666
85 954
394 775
415 627
107 578
532 926
607 881
11 757
873 978
31 675
768 797
291 526
879 986
537 810
166 370
24 61
150 717
707 768
137 181
231 344
715 986
521 580
370 585
443 840
630 637
615 694
816 952
102 463
673 769
411 931
144 550
293 395
403 711
577 910
302 774
84 957
30 273
92 795
74 314
751 937
2 120
257 829
793 867
171 851
776 900
246 675
118 660
84 375
677 683
473 952
164 271
147 465
400 803
257 763
900 976
491 994
19 955
83 236
840 860
710 827
325 343
113 740
44 692
775 885
652 878
134 541
304 964
375 828
361 584
71 509
824 869
20 920
715 928
402 784
842 945
19 738
453 782
171 827
354 633
59 964
723 886
500 882
86 928
474 792
99 864
81 352
483 513
245 930
191 239
525 560
9 726
688 797
727 823
82 955
489 971
237 530
492 849
771 829
39 427
539 671
405 914
797 805
101 616
407 455
351 928
545 597
428 866
360 952
14 223
252 382
699 882
365 516
387 510
315 454
9 298
122 862
764 852
191 920
603 619
693 741
344 769
571 927
698 781
284 756
510 760
22 158
481 693
116 599
7 21
297 397
156 592
949 956
324 612
551 600
434 782
420 816
700 744
353 499
722 924
155 766
262 694
858 909
413 644
158 487
309 979
551 553
19 95
128 540
650 945
225 663
261 848
546 766
301 538
670 791
432 983
549 942
414 668
252 373
201 331
452 973
94 368
80 302
27 297
119 408
62 146
102 590
32 65
211 853
52 343
308 867
440 636
38 107
296 342
171 764
188 566
248 687
134 670
301 881
105 112
51 204
768 842
95 928
241 624
257 459
423 692
62 460
357 927
378 929
505 799
553 968
164 879
147 484
272 648
579 691
85 688
14 169
35 922
604 729
511 641
97 693
114 365
39 302
42 222
389 496
28 458
319 526
291 757
532 970
590 865
20 188
644 780
123 374
285 539
605 646
360 580
201 704
109 642
644 659
238 549
19 870
832 915
542 791
377 391
196 845
160 166
378 936
641 691
329 721
145 588
257 711
56 119
735 916
477 932
223 245
494 770
75 309
471 634
14 176
749 760
215 625
589 699
182 204
20 671
365 751
310 433
807 845
93 372
314 489
776 841
192 742
597 836
177 919
624 729
345 866
237 724
380 717
54 577
250 778
312 831
173 642
669 797
66 393
154 980
320 346
107 457
490 518
17 587
129 303
772 880
333 669
81 332
46 404
88 736
638 935
395 537
566 830
199 244
660 890
511 550
147 937
437 890
261 843
633 703
445 745
444 924
126 971
109 594
382 447
275 406
3 125
61 303
423 637
339 638
690 887
305 837
13 396
162 966
215 261
553 769
369 480
408 634
405 648
155 557
321 325
191 630
286 639
69 570
507 933
236 746
458 925
311 934
148 177
149 216
39 514
95 234
651 753
486 733
801 954
306 504
785 800
291 961
146 507
535 887
40 276
274 858
260 972
337 620
601 815
763 776
270 898
342 799
145 388
950 990
242 589
222 719
575 946
27 309
100 392
373 699
157 532
25 580
140 710
801 849
469 707
311 757
3 582
261 923
388 789
209 827
869 919
156 281
636 870
31 801
325 969
344 915
161 501
682 740
718 944
384 660
519 524
45 901
102 254
302 678
31 635
217 910
89 270
589 712
660 776
184 193
383 739
493 532
168 464
364 811
208 242
103 687
125 670
309 673
932 943
348 668
306 911
313 524
538 937
632 814
45 167
545 841
672 831
268 560
508 858
163 273
109 725
221 624
272 914
737 852
520 814
226 637
436 813
521 858
192 890
407 650
177 779
839 903
310 745
918 935
351 407
315 734
132 281
846 975
63 483
523 879
374 586
84 868
378 972
412 742
357 956
156 844
660 791
127 774
493 962
402 694
295 634
681 833
23 971
45 580
742 874
63 368
62 610
104 383
105 714
624 630
678 919
271 936
475 773
442 935
59 578
446 731
14 63
17 489
770 786
402 856
112 771
259 993
167 216
371 475
60 329
702 770
83 536
64 934
336 834
598 626
451 988
514 674
288 777
309 913
571 831
235 376
719 785
334 907
26 504
173 631
232 642
265 417
30 739
303 916
141 420
622 690
491 931
330 665
550 576
754 999
58 191
308 574
225 275
189 322
27 363
832 869
227 893
9 932
104 358
425 894
378 838
750 823
119 474
159 938
219 829
53 435
290 967
24 840
439 767
187 219
5 907
79 994
301 356
340 510
451 651
342 494
658 935
182 489
93 653
259 998
423 758
542 978
11 102
67 270
86 995
384 463
256 436
440 668
330 970
22 49
741 935
98 683
95 883
155 678
851 965
389 691
526 987
239 787
352 765
373 404
564 588
925 946
120 499
30 629
752 996
91 178
308 383
695 893
4 80
955 976
188 527
27 836
686 687
431 708
33 125
52 271
218 985
55 473
238 619
21 782
298 574
164 253
575 807
392 695
740 870
448 942
341 764
178 814
159 890
346 927
218 543
2 13
440 878
272 360
761 884
63 692
264 902
355 410
156 236
708 961
531 533
15 748
70 324
235 621
310 824
96 500
828 957
408 646
297 744
575 590
743 781
373 413
67 734
160 913
469 938
551 895
254 581
39 171
280 949
957 965
172 387
812 950
29 518
413 871
748 820
490 964
33 118
160 768
625 925
38 426
147 689
299 922
564 828
138 987
160 714
316 626
227 771
395 552
472 763
344 379
290 436
127 826
557 733
392 412
67 711
283 898
196 532
927 928
15 943
785 911
456 697
272 870
58 597
2 806
42 779
313 561
236 994
80 484
151 476
271 908
335 990
72 617
18 627
574 702
277 294
22 107
280 480
704 1000
264 378
157 816
621 822
858 943
1 889
365 398
517 838
274 335
520 576
24 48
482 727
266 920
299 800
105 203
253 749
419 561
169 460
522 831
79 140
557 726
139 548
361 431
16 707
382 802
477 683
520 702
244 775
298 302
215 888
382 760
128 247
532 912
97 632
133 618
152 690
758 824
667 686
613 901
82 386
265 520
28 695
98 732
251 499
514 641
676 688
349 461
24 55
352 554
295 703
207 356
63 894
102 720
104 314
233 903
291 921
772 966
241 444
79 862
192 653
673 708
712 830
824 856
159 568
454 696
128 746
236 976
179 876
130 440
60 839
114 734
476 717
336 809
427 813
209 754
357 745
484 999
103 384
605 680
344 988
492 973
415 457
18 613
2 126
238 519
554 563
259 414
403 558
91 754
43 631
120 312
301 466
321 841
251 542
857 943
288 382
2 420
292 672
259 600
888 979
210 473
46 478
602 669
531 996
364 883
623 769
385 934
406 520
77 594
545 715
216 725
250 307
12 694
472 639
620 982
402 790
383 509
95 679
10 262
46 696
484 571
341 867
254 831
181 581
130 761
685 927
669 720
513 590
68 636
88 424
64 191
738 875
405 904
63 721
134 387
634 808
389 665
373 457
251 644
602 612
537 931
26 751
481 501
135 526
7 853
119 389
102 605
345 773
470 556
399 608
222 828
117 868
613 762
45 797
541 696
48 84
304 852
545 701
603 642
378 742
213 551
72 90
47 585
71 585
2 112
848 965
226 572
43 926
44 475
45 942
62 788
319 366
247 989
267 771
196 302
35 232
163 447
146 413
437 682
37 602
242 306
169 415
152 566
101 407
444 588
339 811
46 488
28 326
249 732
231 329
161 312
140 264
537 932
166 897
98 414
334 626
136 703
824 877
36 515
291 797
510 761
42 982
520 773
188 326
183 198
9 186
301 706
529 540
362 871
604 957
236 844
755 964
516 814
520 916
725 735
335 552
88 524
624 915
362 758
271 720
418 763
202 863
130 167
437 878
208 272
722 739
338 940
118 534
673 954
670 788
124 983
105 739
363 956
144 834
286 290
288 498
193 282
342 677
19 642
222 330
510 657
24 130
26 753
81 439
704 804
136 678
652 797
121 419
685 691
4 921
550 786
148 310
499 880
134 330
926 936
359 793
87 661
346 363
290 716
189 783
43 313
231 494
250 558
12 628
489 948
532 757
148 930
880 937
336 919
562 775
317 342
746 846
32 490
512 906
380 576
255 574
402 747
310 992
77 630
614 644
406 532
209 243
573 934
263 929
301 675
303 707
92 841
551 775
663 750
152 184
297 945
727 876
67 295
31 821
432 557
140 681
52 827
163 792
386 883
5 48
282 768
279 427
137 693
227 311
267 355
505 748
391 888
413 661
325 441
53 292
284 572
535 864
3 880
172 873
411 790
356 864
341 558
269 460
180 217
109 600
314 512
186 317
226 340
797 928
100 976
484 493
232 905
211 866
194 269
174 417
583 805
395 961
399 905
255 692
163 176
106 443
310 618
165 727
403 747
795 829
78 939
429 535
103 474
252 445
269 889
768 857
306 367
20 577
130 875
754 881
40 757
739 949
5 57
297 971
318 767
636 960
174 206
250 560
308 494
937 967
274 663
24 691
350 442
243 723
390 797
173 419
135 364
304 606
698 959
326 532
165 308
662 681
146 583
132 502
663 826
478 851
389 956
429 842
449 670
68 672
50 586
125 817
18 86
258 671
206 388
558 857
854 933
305 514
124 789
358 857
549 879
694 775
553 913
18 284
682 762
592 953
594 981
295 758
761 854
80 903
387 846
210 279
409 650
708 999
360 440
857 926
444 805
217 900
287 681
700 823
576 818
353 818
154 773
33 956
359 433
90 647
507 642
18 62
53 786
402 724
275 414
458 892
258 743
222 716
225 376
702 902
298 350
173 301
94 365
48 292
157 531
636 701
630 873
866 950
26 907
207 968
522 577
226 473
279 780
502 668
671 707
361 851
88 949
202 350
422 552
187 571
385 716
631 956
410 764
413 608
175 956
450 599
166 925
516 579
511 727
115 832
554 666
521 562
613 855
194 826
639 811
267 487
16 336
307 713
183 732
165 881
718 851
221 990
561 898
159 162
200 486
510 775
165 706
41 844
460 501
462 497
447 936
599 752
70 892
382 546
312 474
403 440
39 563
499 962
649 843
23 430
615 991
941 968
376 993
506 912
33 989
343 760
159 799
626 897
453 675
511 732
75 682
61 200
173 963
190 995
264 438
171 510
817 843
124 521
179 773
469 611
364 383
145 952
383 632
296 999
187 197
77 531
294 598
320 835
258 802
389 919
189 526
247 722
123 445
106 415
304 909
487 526
111 866
75 581
222 419
664 967
179 505
601 615
212 381
395 695
211 696
36 675
73 703
148 997
476 570
199 913
594 958
721 891
207 442
652 968
707 824
580 928
99 334
376 1000
283 513
251 724
235 638
325 843
636 996
643 663
753 768
470 653
184 954
61 193
137 912
137 299
83 172
429 797
286 702
231 860
289 427
93 336
383 609
20 240
221 411
204 770
294 585
705 995
210 652
335 407
134 733
304 457
83 947
561 956
285 607
346 425
92 360
163 286
201 540
311 707
350 554
774 802
435 920
682 920
219 272
158 519
621 661
322 452
33 212
178 321
251 470
399 470
55 133
458 587
493 621
402 995
277 704
133 646
243 519
136 203
349 595
209 958
373 636
43 264
129 444
26 371
282 556
243 692
194 775
564 589
85 622
412 612
896 917
506 533
428 802
38 924
22 698
591 959
25 236
465 962
500 778
158 261
30 901
469 742
145 173
218 934
458 739
534 992
23 243
188 767
62 314
502 760
31 339
72 384
163 811
24 35
44 401
689 844
616 956
49 602
136 860
324 382
75 455
240 971
312 915
95 904
24 82
6 989
687 724
82 773
235 765
344 484
215 547
401 600
454 482
73 907
312 770
4 515
77 424
58 388
114 690
297 888
480 899
192 808
612 803
376 799
817 975
247 882
177 933
250 824
295 326
188 284
264 831
579 597
355 894
871 915
488 755
584 829
472 503
364 752
312 502
94 537
165 631
352 541
538 684
248 937
154 248
10 520
766 928
196 902
234 944
288 910
36 228
592 733
311 776
313 455
99 498
360 998
399 527
145 932
280 625
510 731
3 514
114 685
316 849
45 824
176 553
780 890
49 192
530 558
358 927
235 643
158 375
18 474
18 935
394 787
160 792
475 657
439 448
847 904
146 295
207 489
649 722
579 602
301 938
213 755
275 828
664 850
40 343
2 585
170 653
171 322
193 879
602 648
34 86
342 647
553 625
87 960
14 314
20 37
442 976
442 525
612 671
99 548
260 926
483 782
281 567
85 974
23 999
428 783
791 966
710 871
783 985
897 922
71 795
400 734
509 681
456 673
187 307
663 695
920 922
63 923
617 893
84 508
283 708
446 816
47 232
31 441
285 547
637 823
643 986
111 314
184 895
629 974
596 986
25 880
645 670
439 900
138 433
303 404
602 736
358 865
451 503
231 550
109 421
552 639
511 529
312 388
57 250
51 423
625 724
596 841
143 554
542 645
220 277
93 513
83 224
484 735
106 630
68 961
319 670
452 542
822 832
533 974
398 924
238 497
14 200
22 727
370 899
167 474
443 821
152 593
7 411
208 777
669 948
375 808
77 600
227 714
140 824
244 920
548 602
139 604
403 887
98 942
562 587
83 395
230 805
44 156
302 438
465 558
103 846
199 986
130 767
277 311
336 354
62 470
407 692
157 769
28 655
299 896
69 506
289 359
43 365
758 931
361 948
286 885
142 505
380 407
770 958
489 872
129 836
95 529
807 946
112 631
443 842
461 796
45 658
83 291
138 321
25 923
410 935
585 997
506 560
16 408
622 919
329 985
344 821
94 731
187 922
39 78
168 568
98 380
151 831
762 794
29 84
489 567
327 772
736 945
146 221
3 307
81 365
119 614
63 469
378 473
340 656
503 633
452 842
303 977
53 207
1 310
183 639
292 787
201 206
275 851
326 466
888 987
606 747
553 987
542 759
136 895
818 826
324 790
200 796
588 656
632 767
172 456
135 212
190 358
67 879
266 350
103 751
450 860
179 893
113 190
754 763
115 174
593 756
540 917
277 797
227 585
62 650
712 956
801 810
181 295
454 570
127 575
476 627
21 569
459 871
25 843
632 989
635 859
260 681
85 827
444 779
124 874
117 335
201 700
328 820
787 933
459 756
225 233
152 567
745 959
407 908
118 540
139 185
587 870
217 983
309 633
256 533
131 387
574 949
313 927
316 925
206 676
743 806
429 666
232 917
305 863
327 869
515 553
442 871
224 926
481 768
819 969
454 573
164 787
519 557
477 831
560 674
278 558
317 577
124 302
105 593
584 839
433 441
892 987
20 548
221 847
202 643
131 206
498 896
63 157
228 361
227 665
670 789
565 763
27 993
559 717
141 484
86 155
18 219
411 795
324 335
368 412
204 242
59 554
25 59
280 301
483 486
122 682
546 930
212 741
103 342
163 334
309 824
76 367
3 620
354 988
80 772
61 371
84 287
211 657
213 253
303 682
470 942
453 911
271 477
183 335
403 406
493 669
443 648
98 760
249 892
531 914
894 986
806 871
309 986
113 572
437 699
147 925
147 592
172 294
105 747
125 258
72 295
290 943
36 309
498 522
23 537
135 195
232 899
504 872
486 776
31 498
175 834
547 726
359 631
236 359
183 872
349 715
260 365
78 492
45 775
889 942
691 899
265 708
379 965
726 989
378 394
819 983
401 433
273 388
660 910
199 951
495 923
648 974
440 756
577 726
303 446
123 761
394 614
179 187
419 626
169 497
228 693
82 744
212 644
121 886
214 864
432 434
361 921
566 611
236 916
536 946
90 716
209 235
119 829
691 718
581 595
33 530
249 615
47 353
51 760
327 848
513 979
113 791
384 745
647 823
12 404
160 832
416 879
881 967
95 784
334 941
759 994
10 181
102 194
177 684
71 701
493 981
422 654
332 469
264 568
725 815
157 211
105 130
378 800
412 522
14 754
551 935
164 750
36 315
111 737
40 145
338 370
102 411
249 616
659 843
197 445
309 787
608 636
2 189
558 677
868 904
592 955
120 838
174 690
585 796
435 633
790 967
1 499
93 728
404 1000
441 866
314 874
121 663
545 927
50 864
72 824
199 826
473 996
422 641
685 773
206 792
102 665
216 792
232 243
397 893
48 923
237 457
111 750
37 188
611 795
99 613
794 911
942 988
691 732
211 883
105 879
69 235
70 747
663 756
354 557
387 809
118 231
244 316
79 509
740 844
34 891
197 898
589 885
111 529
364 662
664 692
224 800
668 817
23 863
504 934
376 987
503 919
713 823
164 346
422 696
441 724
41 612
280 812
445 761
246 257
319 735
69 776
31 522
359 994
52 567
414 737
307 370
42 359
629 886
280 859
186 727
338 795
409 889
302 973
447 858
66 353
122 130
375 674
508 852
287 888
291 659
381 440
290 802
127 633
734 816
223 894
295 349
8 869
897 988
40 486
138 805
303 493
66 861
672 763
72 983
396 544
250 916
58 861
311 637
518 533
6 606
556 787
226 746
154 606
232 338
750 756
218 691
2 356
442 623
958 961
315 577
63 167
337 604
101 112
62 608
379 719
217 505
628 989
442 478
665 814
23 143
260 579
188 635
704 799
229 321
193 939
583 776
431 560
126 845
89 124
159 737
291 815
328 547
305 878
347 820
684 942
765 997
774 808
64 499
62 834
29 682
393 726
192 312
69 531
488 852
70 313
865 937
510 926
369 941
151 237
743 904
192 573
245 920
105 544
524 728
357 820
283 330
233 817
106 116
783 964
53 433
293 599
347 668
518 814
723 840
835 950
177 487
747 840
17 925
566 753
124 624
128 237
413 915
471 712
633 955
23 672
25 155
120 279
247 417
525 542
413 729
379 546
12 439
87 280
104 764
716 931
100 579
368 817
185 272
3 377
77 802
209 490
10 519
355 407
52 491
72 852
289 306
418 800
52 669
935 965
757 848
27 937
616 965
449 705
49 689
102 112
233 826
72 163
592 895
40 76
458 657
365 376
738 917
120 175
727 937
67 360
118 773
288 682
220 410
80 391
316 819
743 756
597 729
230 905
158 527
322 476
34 671
271 739
362 679
90 503
307 432
310 752
793 812
314 777
481 946
381 564
524 639
762 990
125 132
130 314
274 746
223 523
149 953
633 875
25 958
373 757
7 890
579 653
28 413
15 928
553 663
219 781
645 981
5 288
48 179
48 760
263 1000
138 886
13 416
307 597
197 990
211 737
491 874
31 896
590 863
40 909
901 976
424 492
206 499
77 835
6 321
501 663
372 769
564 830
541 842
296 493
413 790
765 865
51 600
454 631
610 802
185 879
207 805
22 252
391 835
670 716
235 612
531 979
507 718
364 768
381 702
215 586
717 772
457 501
167 920
402 664
614 757
47 710
526 858
32 42
15 937
911 996
353 728
390 626
9 155
47 695
690 761
123 344
178 847
414 457
384 721
23 768
139 888
359 854
674 782
378 902
765 890
241 997
420 682
347 897
314 795
222 608
330 446
209 477
392 566
119 523
263 824
530 772
265 918
289 623
508 597
414 700
157 703
400 832
470 686
493 925
235 928
152 406
150 673
449 865
804 903
15 216
141 994
590 830
294 618
812 934
100 912
357 750
9 855
672 875
291 374
160 784
514 748
346 560
130 741
201 389
44 931
210 768
467 809
375 517
68 486
485 528
50 857
322 553
566 844
808 811
584 663
288 814
664 858
199 877
685 828
392 573
562 691
121 276
88 673
626 980
128 930
702 972
205 215
207 279
262 349
742 774
392 396
613 869
743 826
172 475
913 948
453 462
164 557
75 122
646 759
24 354
650 762
11 44
583 994
515 578
54 66
532 921
129 185
554 561
295 364
544 653
282 412
264 362
305 578
214 388
158 497
487 944
129 669
259 602
663 941
314 813
116 942
336 498
136 292
463 785
64 769
138 581
305 723
626 975
238 505
38 234
93 276
3 491
645 952
386 948
278 819
248 814
333 550
274 718
446 848
620 976
307 512
452 661
626 661
822 971
126 452
91 233
220 563
187 925
166 996
385 981
593 837
280 328
653 664
263 513
123 367
654 825
162 542
182 912
805 888
614 951
480 799
66 472
12 585
12 918
358 784
251 387
608 673
753 837
213 653
405 918
283 396
11 892
88 228
322 682
70 980
378 770
290 899
950 999
310 797
259 797
168 401
163 604
116 548
634 748
