1000 10000
163 557
38 939
377 973
582 856
747 795
570 880
191 232
233 546
87 459
678 746
790 912
756 906
186 1000
189 279
8 456
579 883
502 838
431 462
397 746
74 585
807 931
94 396
386 605
665 894
133 304
375 381
543 869
431 447
194 318
570 709
695 942
274 390
705 938
28 185
605 689
571 769
787 828
494 644
294 860
649 803
429 955
112 121
628 837
117 504
745 935
162 841
179 221
714 874
878 985
98 407
260 634
83 313
265 772
247 762
545 732
364 438
58 633
496 710
226 307
64 410
728 945
374 763
737 933
202 312
206 288
80 916
451 475
567 825
145 584
165 517
679 911
168 503
258 361
427 610
232 714
139 182
396 735
296 603
280 832
97 288
671 924
107 651
150 389
44 120
483 680
409 781
86 519
366 887
82 342
119 581
310 846
8 936
46 948
68 699
158 317
694 915
271 966
691 907
638 748
472 979
747 775
220 925
212 541
173 982
427 490
484 745
26 712
498 573
249 385
319 569
252 524
511 769
113 338
661 782
579 909
339 752
302 484
69 551
622 813
456 948
308 701
291 629
536 600
23 410
210 639
395 531
857 924
213 888
14 331
415 732
588 852
44 762
818 977
653 912
321 687
40 81
338 362
49 741
66 669
568 583
149 706
23 233
706 941
546 822
732 941
10 619
232 663
343 765
295 638
97 467
150 327
62 947
410 432
162 273
128 865
810 945
386 425
483 887
427 735
600 613
525 666
729 775
34 343
219 849
318 519
104 655
102 942
292 658
595 795
246 805
859 926
309 497
45 471
604 842
237 879
842 851
38 608
739 757
428 624
33 96
15 432
113 818
609 917
441 779
856 934
247 427
502 748
267 643
323 491
548 784
570 808
381 545
151 545
873 921
85 301
35 984
89 170
843 881
570 923
169 770
207 766
212 672
319 716
412 418
86 201
87 608
346 682
19 256
938 982
114 702
8 111
545 856
695 918
184 304
23 329
243 975
562 573
688 832
451 966
895 899
680 688
74 355
274 353
38 270
773 841
633 752
260 796
170 670
649 891
523 926
653 803
342 624
633 865
342 739
456 654
307 328
154 477
304 450
193 625
343 931
469 740
3 208
280 619
79 101
67 933
374 547
214 948
323 591
141 322
280 666
120 985
407 515
145 528
426 735
478 684
67 707
103 257
14 786
179 721
55 418
112 732
719 971
261 559
104 604
448 766
201 410
755 799
2 733
112 811
111 891
188 752
45 281
323 907
458 942
147 441
348 462
113 611
3 829
2 588
634 787
444 985
768 955
185 223
349 980
314 317
81 94
673 882
358 514
604 814
384 803
547 662
255 819
509 543
259 990
846 902
613 921
371 546
501 671
281 846
394 599
574 780
226 646
522 939
377 530
70 543
804 817
442 990
169 894
406 637
613 891
190 900
256 698
222 501
41 436
80 478
118 186
360 638
624 795
602 750
126 736
566 845
218 759
627 849
717 751
313 793
170 626
300 709
580 909
142 500
291 922
524 756
546 924
378 864
35 385
74 121
274 615
296 947
541 675
671 756
184 776
496 554
188 848
300 890
451 510
76 977
331 888
297 696
137 851
102 133
379 768
106 200
231 995
452 988
589 653
581 970
552 704
298 536
354 928
479 731
336 347
51 960
113 527
65 684
176 323
324 347
402 765
392 443
211 843
410 940
384 783
129 972
441 978
47 586
301 710
648 987
186 518
582 1000
397 664
91 911
75 258
256 632
699 716
648 938
317 321
246 297
579 882
462 794
66 67
359 970
454 986
91 572
56 469
627 670
226 797
151 990
579 771
817 906
291 715
471 841
97 552
903 944
812 907
562 626
473 797
181 596
187 539
338 613
339 836
251 400
456 1000
633 680
226 238
813 980
154 371
451 815
566 984
507 763
173 454
670 938
265 779
378 644
788 869
455 520
24 906
594 596
461 587
499 680
214 909
512 879
24 569
649 766
67 637
177 237
378 614
641 702
720 913
112 518
754 973
671 782
182 201
20 668
409 867
671 927
50 599
569 957
125 497
128 821
45 208
103 478
664 790
300 418
104 803
175 930
287 676
368 872
759 916
521 621
150 855
247 337
472 549
172 906
82 520
502 641
214 245
52 208
240 400
9 35
213 451
33 165
15 125
329 734
511 546
313 405
229 553
255 553
218 282
476 778
259 308
562 903
139 986
468 870
127 483
860 972
369 815
558 683
705 949
86 396
38 483
154 292
248 567
688 820
394 931
334 549
614 733
139 521
196 974
782 845
344 889
295 906
408 726
67 827
287 294
163 364
383 393
554 615
351 687
120 847
463 481
412 801
880 889
2 37
3 260
349 410
135 771
541 796
728 829
340 707
452 901
749 921
16 137
141 430
241 862
457 873
679 946
620 906
272 434
520 664
222 698
104 609
284 893
141 656
491 727
564 804
211 692
305 399
203 708
368 773
292 659
906 915
101 237
397 796
17 888
517 571
609 714
185 194
129 874
685 885
210 407
246 964
155 903
284 289
251 830
307 576
34 792
734 825
185 412
225 931
34 651
273 705
401 404
471 674
403 450
708 991
583 733
144 690
198 517
311 830
423 908
669 980
528 871
356 576
393 474
736 922
291 643
271 409
53 544
316 822
9 650
164 482
532 562
308 658
852 855
47 55
692 824
549 913
593 981
26 382
425 875
585 965
269 938
75 999
23 159
297 417
545 667
88 346
839 985
254 331
533 734
420 441
728 874
126 129
163 409
236 705
720 970
19 925
330 394
168 289
45 997
210 932
783 935
179 675
589 744
422 785
63 513
529 937
659 774
474 704
241 715
202 595
380 762
586 957
271 581
20 827
362 684
327 946
77 135
501 971
253 326
401 709
510 591
95 551
699 852
816 904
267 960
103 708
141 999
586 750
703 949
506 661
394 453
15 407
548 678
381 595
328 577
539 793
21 546
613 920
156 335
233 580
743 942
263 826
583 705
587 642
367 646
743 831
246 381
122 839
691 736
468 815
88 843
333 899
652 717
744 886
32 146
485 856
456 894
346 574
113 281
614 955
429 597
545 980
585 647
360 654
450 528
255 455
537 804
274 322
184 444
339 792
925 993
161 860
112 174
311 454
495 677
779 944
338 416
145 320
404 587
558 812
61 364
580 684
206 458
297 558
524 987
413 692
330 430
314 811
205 562
427 632
82 191
448 573
712 730
129 406
366 639
332 699
645 934
85 989
339 453
215 366
162 342
291 422
440 620
208 504
23 615
175 792
234 292
145 797
607 869
833 900
157 322
565 581
103 522
68 931
78 252
668 882
320 992
472 731
327 551
238 390
534 691
169 669
59 529
264 743
307 523
34 977
204 385
479 777
405 630
686 729
108 549
215 771
347 395
119 167
66 465
191 234
543 577
216 510
674 784
363 625
53 213
734 896
790 918
420 712
960 973
65 239
464 764
167 450
88 807
195 525
325 582
296 340
278 452
105 792
485 892
507 924
491 499
473 796
695 985
627 959
916 922
351 775
522 561
766 866
361 771
130 374
277 517
631 844
45 617
83 330
65 299
528 589
1 707
201 827
398 639
210 699
196 634
503 878
679 683
296 912
135 905
301 417
784 901
196 649
606 948
420 497
277 328
81 575
192 368
407 725
693 976
36 161
455 809
81 584
63 712
724 790
497 664
297 804
72 228
366 906
555 753
3 598
945 961
505 954
755 982
538 880
506 888
124 319
106 350
175 941
55 651
149 322
815 929
335 683
345 431
72 337
290 504
552 987
200 358
327 523
648 666
497 804
115 341
517 599
699 924
86 854
677 785
56 805
203 918
419 853
170 213
298 942
462 597
621 692
30 377
531 820
108 521
794 858
725 758
212 543
798 866
838 959
583 760
591 809
78 660
462 887
536 956
169 181
316 956
632 805
652 774
339 517
139 989
229 697
48 886
178 957
181 518
184 278
27 160
123 283
19 452
460 594
762 958
32 841
145 494
554 834
331 455
135 719
579 685
193 506
344 890
507 646
115 697
169 369
637 772
545 766
213 600
589 993
662 791
438 951
149 704
580 740
179 985
418 675
219 516
258 472
149 817
224 254
64 279
482 570
97 465
387 629
278 782
814 940
231 810
909 936
76 873
611 728
120 157
690 729
249 639
505 997
336 661
103 509
823 964
186 507
102 831
432 791
397 795
547 926
146 541
385 391
612 760
45 469
375 882
547 879
534 635
224 536
189 522
354 587
544 999
164 984
163 743
293 572
385 673
885 974
185 268
83 857
355 988
118 434
88 705
360 870
129 725
167 309
7 716
191 435
198 405
289 431
200 862
695 867
743 875
134 721
389 924
35 824
566 756
52 890
218 622
773 806
243 977
50 359
268 690
257 647
203 335
4 372
245 248
562 650
714 849
731 981
416 756
566 790
2 373
628 959
149 514
580 826
134 898
340 403
141 158
53 882
537 617
59 509
224 444
403 863
170 958
615 736
356 901
568 613
662 819
153 225
340 369
469 851
370 716
11 860
139 355
546 715
31 145
289 594
400 853
59 72
266 866
505 528
145 935
186 189
132 911
137 535
76 540
572 761
497 561
565 608
30 245
488 844
949 961
238 376
185 876
383 881
349 929
78 225
725 874
10 65
251 767
17 859
863 924
630 953
646 946
404 441
760 871
436 970
419 668
777 818
635 962
119 301
281 675
431 721
203 862
21 545
262 725
303 395
548 822
40 689
20 495
122 981
138 606
18 248
627 644
242 410
80 321
249 462
88 844
181 717
230 806
319 627
584 960
108 390
436 445
700 706
352 944
848 981
244 710
99 221
389 513
675 772
412 678
244 629
925 992
527 860
412 725
14 257
571 708
1 742
973 980
723 897
26 339
61 250
378 878
611 852
136 542
550 689
18 606
25 266
575 838
118 663
546 892
376 498
512 820
292 784
524 939
931 955
427 648
284 823
626 656
56 718
440 621
383 567
102 997
158 923
823 927
92 139
242 792
224 883
577 817
63 794
449 914
232 286
196 249
681 883
388 555
6 110
595 981
119 531
154 661
29 775
124 395
16 670
612 688
439 692
393 964
29 952
176 468
46 782
401 561
129 962
275 488
354 627
189 562
65 972
160 824
234 761
15 490
219 327
138 995
90 472
347 571
556 717
100 849
462 792
389 818
104 276
548 953
230 883
290 776
518 672
160 484
765 931
588 988
75 243
493 672
238 541
424 441
443 631
740 743
243 905
632 1000
408 990
339 838
636 944
49 540
602 704
622 647
198 255
182 784
256 934
443 740
416 572
1 706
334 638
26 183
120 710
136 683
49 766
47 351
122 284
571 593
649 659
784 902
305 933
253 999
418 668
199 513
239 564
258 501
741 995
758 899
64 699
563 659
448 538
309 599
491 604
93 800
59 112
29 600
121 431
712 838
457 941
439 837
353 524
281 351
63 937
376 859
171 376
137 696
279 877
30 205
12 616
676 711
699 814
315 569
764 776
375 873
17 803
90 235
578 580
65 575
337 818
856 862
725 915
267 523
677 784
552 875
320 747
85 421
303 466
358 859
364 668
751 976
240 402
610 708
55 985
419 805
129 607
441 861
359 923
323 385
381 651
384 523
407 481
302 521
433 878
415 810
316 957
388 466
722 856
28 105
657 927
494 564
647 808
87 703
398 830
97 955
151 194
409 487
62 491
726 850
503 559
51 86
360 711
288 420
199 822
588 855
735 896
169 487
154 341
339 979
49 649
224 401
611 799
494 897
633 827
204 735
196 607
14 616
737 853
75 586
774 818
13 272
384 496
187 485
171 920
210 958
102 240
468 506
344 520
310 493
457 879
496 963
337 449
154 777
637 726
676 950
162 300
440 950
115 244
853 890
219 850
383 975
521 860
205 475
188 751
577 840
301 840
341 747
12 445
261 490
86 657
457 683
21 298
189 664
104 912
341 973
124 435
358 613
68 779
621 629
863 968
203 548
789 821
510 672
314 407
81 384
87 174
255 792
146 316
418 441
842 929
134 293
262 750
431 685
531 851
441 889
152 708
192 561
195 678
269 403
311 824
313 439
441 746
596 666
981 992
138 522
88 881
674 968
179 346
605 980
843 963
200 863
184 324
339 544
708 767
109 886
535 638
558 709
207 537
248 742
209 800
523 770
47 64
402 425
203 334
282 883
304 743
69 425
32 854
277 572
757 860
558 935
688 929
515 912
115 660
204 707
210 640
563 956
92 380
364 505
611 904
352 465
331 704
193 743
230 470
286 580
88 459
325 482
58 687
116 409
282 311
750 856
400 854
681 747
24 738
758 971
63 515
283 899
250 722
79 309
211 741
448 753
362 795
453 608
92 160
54 125
112 814
220 365
224 872
44 67
391 814
654 976
72 396
115 494
668 872
617 912
121 833
656 724
345 629
203 627
534 661
479 902
377 836
530 664
142 754
253 309
91 134
129 997
4 759
388 854
445 899
251 988
358 912
570 856
347 417
259 963
5 235
635 946
247 392
450 938
510 958
42 96
78 674
209 465
262 613
229 542
311 796
665 870
339 591
29 279
415 994
549 704
363 437
665 791
62 321
528 837
230 807
105 802
255 368
903 990
298 443
389 512
66 911
580 904
463 788
247 637
303 959
527 863
571 711
37 239
277 592
338 414
230 656
359 500
269 972
311 369
465 545
156 578
491 853
473 706
537 757
331 748
758 821
176 683
527 738
339 342
563 694
250 647
270 980
206 234
551 722
36 365
93 844
280 919
49 238
324 416
626 736
392 576
214 403
509 877
58 135
29 774
33 451
42 659
655 999
87 225
164 898
475 835
132 416
189 561
651 836
403 508
228 367
553 592
381 855
131 390
178 919
360 974
179 402
584 622
259 362
278 474
464 540
142 181
256 776
334 861
631 985
522 575
174 778
156 785
199 845
240 898
334 972
425 784
117 452
675 944
452 639
127 191
273 356
210 697
779 990
64 111
191 910
286 738
311 341
277 485
178 426
127 925
520 897
44 455
139 349
124 885
370 533
701 719
166 858
296 688
427 614
444 600
374 921
379 801
185 600
58 470
242 603
59 115
611 702
560 956
232 605
346 461
163 177
497 623
168 537
336 683
867 921
271 703
551 583
862 924
383 955
245 902
780 919
197 547
401 754
168 823
742 833
138 211
121 889
462 552
194 858
604 785
73 847
78 504
686 763
88 632
17 588
553 914
592 952
355 930
651 753
119 133
7 597
582 971
329 707
485 700
252 665
289 385
548 990
218 281
556 577
139 991
123 428
344 431
514 801
549 664
277 837
632 918
373 812
446 696
636 870
766 781
566 665
192 914
395 535
143 617
438 619
40 198
38 369
113 432
117 472
504 787
430 511
277 392
97 132
443 880
568 587
827 982
222 780
461 620
316 337
301 387
31 814
305 960
396 409
344 922
533 552
474 969
202 344
149 831
430 840
508 568
805 900
314 993
701 723
84 715
340 573
343 366
111 754
224 990
775 957
279 658
854 862
10 329
48 140
214 761
379 698
24 421
270 686
806 812
91 415
759 964
81 229
261 489
595 799
552 554
132 602
703 781
626 778
405 571
355 736
281 709
428 620
655 991
68 667
199 435
272 896
94 671
367 905
226 527
26 999
565 974
531 850
18 259
394 526
87 399
513 732
273 855
60 633
114 299
48 901
85 154
604 650
476 745
669 834
744 797
657 890
35 826
627 968
408 1000
100 584
514 692
92 936
511 950
442 651
778 861
395 563
255 445
37 202
60 189
407 968
340 413
210 641
62 742
835 930
822 920
71 620
165 743
496 514
371 430
801 999
404 912
645 830
457 778
645 847
25 78
814 974
746 896
179 725
589 630
236 994
242 611
297 866
153 434
120 187
581 978
552 744
607 770
776 912
34 230
54 237
57 319
572 618
132 687
183 395
388 561
738 862
500 573
124 353
198 920
384 904
510 733
357 374
195 359
366 508
225 972
502 716
467 807
912 1000
513 655
332 395
82 862
156 249
194 420
90 373
13 945
30 593
368 462
332 361
714 913
252 560
127 420
200 971
471 790
146 229
264 360
268 336
213 843
36 756
787 916
256 988
41 90
187 608
580 905
524 609
265 898
47 468
140 282
452 516
325 786
93 278
19 623
442 542
36 938
662 866
614 619
580 687
227 577
136 512
728 986
122 361
715 756
64 290
529 872
141 354
434 748
71 737
440 785
188 963
597 617
931 957
292 865
45 87
232 610
339 454
96 209
280 920
25 219
138 474
525 734
162 452
271 602
163 869
37 772
681 992
538 795
595 870
444 778
279 843
391 781
492 850
272 667
402 614
850 872
264 539
119 493
266 457
772 947
315 908
483 510
212 800
375 820
63 250
561 884
547 809
124 500
643 934
143 178
128 361
55 582
501 718
82 544
462 636
176 421
397 515
454 572
346 989
368 701
310 560
96 652
315 874
480 811
355 905
526 992
69 923
13 755
450 911
87 454
165 392
75 262
96 891
359 966
660 733
368 411
49 816
535 560
807 815
39 641
459 901
78 857
190 823
320 333
490 533
342 978
255 279
661 870
97 925
22 988
331 335
421 449
84 141
490 676
398 979
334 973
118 932
299 890
52 594
109 607
37 130
370 929
666 722
447 807
265 783
236 358
623 906
737 847
774 852
866 941
404 618
541 643
102 379
374 764
178 427
322 859
206 293
153 223
280 679
478 590
461 728
136 907
49 478
858 924
529 852
567 820
590 591
41 626
23 934
373 429
541 933
546 753
125 284
409 871
542 908
64 603
285 381
146 933
346 381
937 950
552 672
811 925
668 802
443 497
7 144
478 906
431 964
358 748
340 879
38 750
116 918
266 493
363 816
694 916
38 968
77 942
132 389
561 993
12 991
267 666
347 488
129 605
96 680
333 661
81 324
445 827
9 39
786 793
330 621
627 721
65 200
229 597
855 993
60 453
61 892
78 778
298 350
104 385
657 925
433 765
38 404
244 649
545 800
322 507
765 837
19 457
94 143
256 789
277 693
75 145
87 814
145 483
779 876
389 744
362 478
839 864
344 893
92 747
269 898
455 603
204 729
266 664
157 929
143 782
741 803
317 519
31 809
76 902
165 595
349 406
185 522
495 813
380 611
289 548
390 474
210 222
241 700
292 520
242 719
612 901
707 939
64 935
323 914
505 859
50 710
819 825
56 631
224 829
6 165
101 233
220 681
258 906
333 454
405 969
243 376
206 876
266 385
195 509
581 672
530 690
357 448
396 828
198 972
453 829
128 418
47 665
638 674
103 813
346 994
539 817
260 310
209 346
924 973
7 555
85 327
47 526
432 711
604 613
346 917
652 967
108 767
397 732
643 668
471 559
535 922
151 941
152 629
296 384
333 923
118 339
190 892
338 775
32 138
341 496
147 683
312 746
514 693
714 973
218 540
94 107
580 918
64 138
155 229
231 310
286 793
640 919
308 525
19 594
59 385
314 590
757 858
227 727
504 816
18 742
554 948
260 575
10 726
118 799
27 860
378 696
197 388
112 356
758 815
80 962
304 342
213 746
487 511
1 298
150 245
560 615
880 1000
223 954
331 800
409 942
729 757
15 942
287 949
37 670
25 254
375 668
129 168
755 994
224 874
340 816
107 999
54 226
185 881
2 585
284 611
46 902
301 571
102 734
185 226
100 459
437 444
81 482
9 157
281 672
121 929
570 870
384 727
522 965
65 918
212 995
543 617
68 527
358 865
18 356
643 875
56 79
463 722
17 676
142 957
90 370
327 387
114 332
190 905
49 779
84 404
468 811
359 562
736 971
290 995
406 737
174 637
156 920
765 924
485 836
400 458
209 770
585 651
203 364
496 498
244 624
170 639
247 639
31 562
322 594
644 923
370 954
519 793
95 443
59 429
403 783
528 756
163 347
438 963
80 799
26 193
118 891
446 802
545 699
196 657
567 930
879 892
495 903
866 889
758 779
226 408
465 688
297 530
28 646
214 981
13 342
14 977
182 375
76 974
295 684
22 492
974 979
7 376
118 517
144 282
590 739
422 817
115 769
496 781
137 935
505 561
399 611
272 510
220 476
383 560
612 974
261 526
34 152
159 355
208 395
99 866
137 641
525 558
506 864
157 350
551 562
401 788
108 771
552 995
371 743
9 296
158 203
122 530
284 357
600 926
128 281
69 922
312 981
111 463
665 983
117 910
83 786
29 328
35 919
125 767
165 280
717 987
100 803
17 273
273 943
22 610
557 835
302 466
50 347
105 796
507 912
53 612
256 778
338 606
27 73
378 943
87 773
408 848
9 599
653 870
213 991
93 377
83 319
619 785
411 500
277 483
266 628
788 977
404 986
421 516
153 222
378 611
468 481
512 898
50 961
73 416
148 342
611 672
746 985
413 950
15 998
608 938
590 878
617 844
444 696
542 909
802 838
470 952
362 849
91 437
380 830
38 668
167 888
573 725
729 975
505 815
551 982
815 941
300 302
181 221
128 455
534 595
189 738
704 778
462 558
132 390
761 996
25 754
526 594
263 600
363 704
52 221
95 793
320 541
172 534
446 461
319 833
786 790
155 333
29 300
674 931
485 698
346 720
576 765
242 417
207 657
528 880
138 740
70 747
536 559
296 308
166 222
408 910
80 411
38 405
773 974
268 650
397 490
183 569
238 572
60 292
773 863
259 473
210 633
101 912
888 925
486 714
527 864
257 552
238 687
387 445
50 417
566 953
545 754
140 178
670 907
54 552
571 638
58 551
168 187
701 783
499 651
615 841
482 583
173 182
693 911
303 599
165 594
206 262
98 663
295 628
258 327
336 619
315 410
430 953
125 319
288 978
70 480
241 802
520 669
7 465
375 699
358 431
693 722
287 865
400 523
945 993
197 628
401 835
388 607
281 425
565 697
306 812
113 714
789 961
681 840
190 342
85 612
103 735
362 599
327 747
200 390
424 794
42 361
441 924
388 893
320 859
346 995
223 315
5 244
81 278
639 995
433 941
398 477
311 900
347 503
647 730
337 573
63 275
90 415
94 447
847 871
97 649
281 918
53 442
255 712
688 759
123 330
326 365
133 387
50 355
532 575
294 670
459 733
64 139
395 565
490 765
731 809
5 618
616 631
100 680
482 777
264 428
269 933
735 886
442 491
520 893
866 995
352 357
247 696
356 897
602 985
585 857
269 822
331 709
603 877
340 381
88 462
567 974
239 617
245 312
505 683
608 884
127 804
37 524
701 757
97 497
667 909
175 658
396 669
469 945
22 291
520 697
391 922
16 904
901 985
480 709
79 423
392 679
64 900
42 555
349 814
189 697
816 909
29 976
33 405
458 650
4 754
371 699
530 550
402 949
458 541
293 732
39 441
276 605
531 993
643 763
42 254
743 826
134 550
249 466
229 620
268 620
14 120
273 962
277 778
756 851
100 927
428 918
748 803
105 807
566 724
809 929
95 132
8 128
412 674
537 815
351 959
580 907
62 422
442 540
331 387
173 476
391 421
265 785
356 982
73 216
71 445
770 814
221 496
40 47
580 681
248 338
192 250
474 796
183 948
192 361
396 419
179 533
54 643
469 883
111 598
749 971
603 998
488 639
505 583
144 283
474 574
310 424
23 525
101 509
48 199
346 500
698 769
145 903
550 998
73 276
278 677
599 707
67 306
393 669
185 803
438 447
242 788
194 595
525 557
432 836
76 403
58 130
462 672
114 173
63 228
302 932
251 780
52 331
604 776
281 643
247 504
708 894
172 924
199 373
185 479
117 796
228 411
639 955
587 724
610 687
240 505
591 848
800 891
47 950
838 999
695 822
83 898
507 802
201 627
182 970
145 219
130 593
353 408
705 931
304 836
247 828
485 871
92 995
130 704
298 410
134 812
818 853
545 907
32 802
285 688
623 694
238 656
174 888
925 960
359 388
343 771
92 513
145 406
183 762
39 886
408 704
72 557
520 821
408 623
870 995
796 962
512 869
693 938
303 690
300 852
67 611
49 476
325 423
75 640
331 794
44 337
693 844
340 548
323 666
645 901
551 755
573 611
560 782
79 494
11 70
391 994
10 178
121 653
33 371
253 408
392 462
233 852
290 501
189 737
321 425
601 737
837 993
582 812
643 900
716 758
200 506
95 651
77 940
207 973
302 819
358 863
53 131
347 490
972 991
186 548
686 873
178 596
656 844
90 440
535 880
310 653
337 609
17 355
352 798
21 839
319 550
450 691
454 843
353 420
170 274
632 921
468 979
420 862
757 979
44 866
248 573
286 803
89 275
204 580
244 937
355 496
139 527
156 743
532 890
348 671
204 731
447 837
637 799
47 383
508 853
269 785
54 553
280 534
317 517
301 384
701 895
465 767
370 564
889 993
283 808
181 493
608 951
327 823
366 939
82 418
444 861
30 130
530 910
287 753
785 895
171 344
396 943
77 110
612 741
43 162
42 711
195 511
124 463
587 801
362 596
149 466
262 851
307 582
513 823
237 249
95 751
868 941
99 744
216 524
160 868
293 648
372 931
125 565
540 782
902 941
134 571
262 524
377 744
88 885
255 715
97 761
812 954
317 500
195 968
490 984
352 937
847 900
5 695
688 839
249 279
182 813
464 886
19 596
723 1000
575 587
597 911
579 652
585 975
148 715
314 575
22 228
187 295
518 793
520 894
351 632
486 977
288 674
737 885
120 881
407 683
692 715
378 553
163 415
262 465
34 400
641 760
783 941
37 523
166 865
560 1000
746 911
16 890
382 499
491 536
393 608
15 985
201 387
862 968
168 724
11 142
711 945
569 616
349 956
427 990
137 756
142 583
362 569
220 655
789 996
20 39
119 443
30 408
690 826
233 701
90 94
294 364
462 918
651 685
228 480
473 511
471 604
517 844
308 431
476 857
47 770
394 688
454 768
661 734
96 944
579 957
304 857
429 574
17 452
41 462
395 707
674 714
326 473
369 634
465 891
83 692
127 135
75 808
774 988
24 774
27 909
391 420
434 905
128 740
288 607
567 956
491 841
109 666
24 548
187 432
233 402
267 376
92 499
63 722
15 799
16 215
7 395
559 686
138 374
48 248
771 982
138 473
492 830
110 501
55 268
257 509
64 993
180 739
241 459
759 905
64 784
582 694
39 233
525 782
203 992
424 979
206 725
751 955
186 513
43 904
228 388
177 834
531 911
273 643
609 839
262 581
217 990
648 800
647 946
353 415
423 547
47 151
235 863
218 547
97 914
813 956
740 748
904 1000
26 414
65 444
190 645
133 474
213 876
13 180
883 904
350 463
460 699
299 895
528 579
446 994
653 868
50 443
231 376
41 196
518 854
745 824
784 876
109 749
135 903
45 773
193 562
448 881
322 854
72 957
179 963
163 454
671 870
32 751
306 450
241 939
758 900
279 533
693 843
620 925
288 968
168 398
222 705
154 929
447 740
15 992
841 937
56 751
237 720
295 432
46 738
431 848
214 576
68 126
681 961
569 672
180 711
721 941
223 547
42 736
181 219
219 408
402 728
111 158
114 206
445 598
85 575
466 723
454 652
402 875
682 931
481 802
354 528
206 561
318 431
324 580
513 859
401 417
406 978
173 957
65 860
82 914
319 835
124 249
290 583
40 654
94 449
310 642
61 776
523 575
950 978
60 448
843 939
678 1000
19 349
364 974
18 76
4 15
316 809
869 915
302 492
66 832
322 502
459 819
244 571
580 957
100 551
288 441
307 455
456 523
714 807
365 581
402 465
97 815
408 686
174 917
122 458
528 687
287 414
495 731
97 152
169 379
580 851
335 386
10 817
321 592
415 506
109 721
226 495
28 601
72 985
310 375
426 848
231 979
70 343
455 779
519 662
131 721
461 842
278 768
64 668
746 936
824 946
97 324
22 261
262 276
64 523
301 818
326 655
664 970
550 815
349 550
426 517
306 859
668 769
392 540
634 775
85 753
404 419
777 911
634 886
104 917
216 751
219 484
38 920
663 859
431 571
12 879
747 842
713 718
548 649
206 525
484 855
69 975
347 457
39 407
165 333
627 686
41 311
591 779
172 651
493 833
293 489
84 482
32 141
127 396
298 448
647 779
373 780
47 79
231 418
156 806
624 838
514 688
97 986
23 438
26 470
302 379
143 585
255 441
455 683
187 713
869 873
141 152
197 496
331 630
563 899
545 668
196 696
88 289
123 904
658 917
520 974
280 627
153 235
64 474
27 718
196 719
585 808
288 786
399 874
783 831
128 551
40 339
793 827
520 605
810 891
210 927
616 934
103 168
750 861
35 88
434 599
590 650
684 699
724 852
331 946
79 304
500 795
249 541
436 515
54 118
202 941
620 651
159 281
362 663
516 990
703 732
764 990
363 991
752 958
487 781
91 108
823 855
217 517
475 973
42 696
152 408
760 877
65 585
189 695
105 344
34 964
54 259
275 466
376 741
394 460
108 568
751 934
7 520
34 678
74 971
19 70
372 896
32 459
514 963
347 578
526 810
86 237
369 799
423 574
268 765
40 868
203 400
131 335
114 557
308 637
661 959
114 956
745 946
303 954
92 575
273 371
334 612
232 938
247 745
250 319
254 287
679 700
62 646
102 339
230 356
550 683
168 373
166 672
496 546
793 870
575 844
546 886
214 1000
892 960
16 185
182 330
145 603
435 641
206 380
98 605
334 433
373 469
728 764
174 286
323 672
16 200
291 478
167 627
594 797
77 497
336 565
673 746
410 496
28 935
380 678
81 775
814 857
500 895
55 271
2 697
497 983
759 795
388 642
23 749
63 768
11 173
159 509
242 869
168 832
673 933
68 825
103 656
16 660
20 196
264 750
764 849
638 878
255 846
510 765
7 991
509 571
522 996
704 975
725 731
52 107
476 911
76 81
276 627
467 692
514 935
181 698
522 710
66 202
104 425
843 910
305 531
83 738
840 999
527 777
861 943
277 526
120 605
670 771
395 639
273 351
93 374
532 864
165 857
633 801
288 636
295 879
277 480
248 368
136 544
40 412
280 683
233 397
407 579
11 922
107 757
434 543
71 854
519 706
193 972
374 781
491 739
555 758
278 583
814 885
195 231
180 593
517 702
258 563
480 655
372 405
391 877
234 402
180 704
90 834
54 169
245 818
284 678
604 895
78 338
116 513
777 995
323 361
12 836
90 100
626 882
189 592
119 275
123 212
251 923
12 987
329 885
557 625
27 490
941 978
464 735
686 990
48 926
15 234
19 239
352 784
498 562
78 782
249 392
344 436
221 626
131 374
593 711
481 749
812 871
522 589
174 696
126 721
108 452
537 884
75 149
610 770
524 598
50 461
469 501
518 928
369 513
575 593
784 826
469 614
588 732
67 803
49 284
88 326
365 870
23 224
185 669
793 862
172 365
707 736
541 788
413 629
793 975
611 624
79 174
853 915
125 316
14 831
720 772
258 757
466 880
103 357
729 782
733 814
163 848
127 611
77 266
332 585
388 715
560 812
785 893
73 675
185 857
21 451
81 216
318 671
506 935
12 522
472 747
307 682
124 346
147 277
241 402
113 719
115 393
243 380
81 105
363 899
146 679
552 958
630 967
186 740
629 688
150 779
320 862
51 734
837 963
363 784
677 830
547 741
91 801
142 651
385 698
116 660
264 821
337 673
247 418
124 175
252 468
159 888
678 728
200 615
517 854
556 764
142 933
414 590
308 469
181 833
312 912
95 911
170 466
43 864
122 811
88 887
269 286
406 729
709 784
36 590
473 812
200 980
627 975
442 805
249 277
109 769
610 806
631 924
50 497
106 537
452 557
92 596
628 902
40 167
524 713
523 998
359 462
454 486
40 54
352 376
294 639
740 923
136 617
411 433
322 876
418 623
435 567
110 931
844 937
495 623
226 496
746 747
49 393
396 442
163 385
129 273
7 272
483 956
300 798
228 761
196 351
107 300
608 887
681 749
701 754
814 979
323 852
162 330
767 785
20 860
76 644
3 518
225 426
153 437
141 684
91 321
127 519
242 751
315 665
16 538
572 615
78 232
500 570
375 958
690 982
397 824
91 111
368 936
129 846
298 847
82 678
284 750
600 791
301 584
158 211
307 567
52 370
113 836
829 902
258 797
320 698
54 435
347 423
99 262
894 955
570 981
21 923
329 670
95 995
186 845
42 253
43 844
356 413
319 747
817 869
105 667
131 289
21 893
319 632
184 469
95 129
244 717
766 846
303 980
213 854
40 244
536 665
579 733
88 224
896 989
53 814
352 661
60 94
481 503
524 749
126 459
680 947
182 553
827 932
679 703
227 580
364 475
58 730
45 944
62 790
84 810
239 398
353 799
689 869
836 988
180 856
572 950
383 687
222 747
297 816
29 589
479 701
444 656
234 300
275 674
220 335
99 870
210 309
85 711
15 684
241 457
497 935
578 968
105 170
73 964
128 511
111 132
777 966
11 394
582 711
842 912
63 118
394 481
18 309
94 600
185 476
355 908
221 843
743 970
464 756
246 294
375 454
468 740
126 984
329 698
40 547
95 967
78 819
463 547
263 935
293 416
238 949
62 359
32 182
507 916
951 959
173 539
669 694
139 663
636 975
527 776
160 362
514 633
416 708
628 847
207 332
406 483
62 577
122 436
140 315
287 420
641 890
566 977
619 789
395 975
287 309
456 719
171 804
84 991
88 282
839 921
317 623
616 848
12 35
124 883
589 727
370 527
405 508
193 850
158 732
214 868
374 915
767 856
250 677
399 722
115 225
379 660
529 617
340 918
470 589
162 370
42 972
133 531
768 862
767 958
315 705
617 961
300 411
392 610
910 996
124 311
729 979
642 938
517 718
383 822
243 355
232 240
16 753
115 349
168 972
116 514
48 290
86 878
553 779
203 910
276 818
405 658
786 899
203 799
846 967
284 500
69 890
216 418
324 981
514 904
622 985
367 710
955 970
156 941
91 640
436 461
302 498
443 680
79 708
433 466
105 909
549 996
571 660
166 444
369 512
723 977
442 608
218 807
438 540
684 796
740 992
616 686
391 494
563 937
231 239
171 768
541 866
176 666
304 431
196 725
250 487
126 146
550 752
384 503
184 969
370 672
187 506
405 431
282 474
366 588
202 725
448 637
429 490
343 356
568 798
370 386
85 925
301 816
284 886
379 688
380 751
555 725
298 566
64 956
229 478
124 740
16 575
309 342
402 536
129 240
185 856
422 607
599 885
194 918
470 843
183 466
385 415
354 720
264 728
211 925
287 528
538 638
189 514
25 545
629 703
156 461
708 802
798 932
121 904
547 740
12 873
694 885
167 207
354 562
526 562
656 796
610 739
441 642
42 119
526 989
218 340
94 419
406 623
561 738
428 799
252 699
420 927
481 671
28 68
268 731
216 220
416 814
382 713
326 353
256 839
773 814
4 237
80 635
134 856
230 909
288 360
883 981
183 537
147 543
888 957
524 635
304 670
50 494
822 880
44 720
779 911
62 537
338 437
32 988
59 501
421 742
61 351
248 314
46 237
374 654
545 658
230 382
257 810
644 706
224 291
5 776
10 674
376 478
230 457
563 818
602 852
589 782
257 859
370 708
115 955
470 683
567 891
749 884
270 963
684 693
166 868
331 807
358 508
658 708
749 773
112 726
422 921
154 999
581 988
180 923
188 650
228 943
552 637
203 667
275 758
150 714
100 353
102 723
357 414
424 875
350 745
3 948
673 776
690 934
124 494
159 569
237 841
439 729
225 853
980 995
877 889
346 963
204 485
48 633
428 733
350 922
332 385
138 582
85 215
414 683
70 676
507 794
1 931
456 792
35 847
221 520
152 965
217 225
515 582
113 272
313 694
669 721
28 223
38 288
41 92
689 728
300 703
908 958
156 699
508 954
640 840
291 900
165 931
495 684
774 979
50 101
253 618
822 975
219 678
508 809
202 440
831 919
135 924
357 540
84 964
675 763
378 729
469 654
145 712
240 714
524 972
12 56
801 901
306 477
14 986
496 947
34 435
434 633
244 416
599 622
546 598
138 373
12 286
491 761
702 845
370 458
295 393
79 278
7 21
390 423
120 221
478 769
278 697
767 901
36 507
185 807
572 661
201 444
760 941
392 583
157 345
58 142
189 872
85 695
216 826
569 762
180 669
200 371
219 433
203 532
238 399
424 839
497 823
65 555
725 903
85 536
582 708
696 755
432 934
551 783
56 786
368 548
129 986
119 265
29 33
547 700
87 367
270 309
329 863
217 769
74 922
129 587
132 318
160 175
360 791
898 929
475 614
739 789
579 892
13 638
273 785
18 212
477 529
226 787
373 672
190 942
256 656
222 479
244 691
178 865
381 946
5 652
38 332
442 589
300 675
64 247
339 831
528 582
412 561
697 933
387 469
230 695
66 652
162 975
126 484
362 375
404 624
633 912
304 388
486 924
303 702
434 827
555 957
220 232
24 515
519 542
495 934
116 425
135 785
931 974
370 524
97 460
157 618
283 979
233 284
413 512
396 722
185 609
810 960
222 708
375 722
220 445
646 705
422 929
21 60
154 991
231 543
592 627
542 769
764 913
676 719
310 837
864 871
261 271
171 385
138 218
51 855
424 803
294 457
764 887
375 790
531 718
489 631
363 822
90 98
77 936
138 828
346 955
276 930
834 916
265 439
263 740
216 419
898 901
129 704
795 995
526 881
484 668
437 514
8 126
69 667
584 945
86 299
360 529
312 724
259 335
152 829
49 935
468 991
87 695
198 320
456 959
209 845
100 546
412 742
437 853
541 607
193 497
191 858
395 925
92 737
24 833
101 893
66 656
288 666
128 687
465 610
304 416
124 801
14 995
219 543
662 927
205 608
166 750
206 267
81 530
10 542
215 459
508 567
141 420
330 495
645 852
121 482
447 692
193 829
672 990
676 958
568 799
224 981
400 512
845 946
438 456
202 948
6 780
867 954
228 948
309 341
82 305
472 749
200 316
863 931
517 545
424 880
612 737
703 778
25 951
197 657
129 913
789 829
556 879
207 941
397 581
786 996
199 313
643 885
95 888
151 570
647 721
502 874
433 817
178 628
696 905
513 725
165 330
333 516
428 792
181 752
184 332
296 390
406 735
173 832
464 588
389 899
515 621
398 883
227 511
688 891
13 872
1 864
127 286
169 442
60 197
689 691
265 623
451 832
675 992
305 682
217 422
112 188
210 745
248 460
250 294
322 763
303 784
164 202
183 830
524 858
580 690
28 521
835 939
448 781
679 874
611 944
206 359
72 839
508 603
533 966
474 551
132 993
370 596
98 551
358 509
68 147
382 503
24 281
138 289
391 913
232 412
492 982
823 946
208 421
278 525
177 670
237 550
112 949
703 729
150 715
760 769
565 664
531 552
609 748
129 844
314 448
414 895
492 523
327 714
111 211
259 954
439 728
445 923
190 198
264 836
798 897
431 728
621 738
547 643
570 864
592 1000
207 897
595 655
191 248
33 138
34 677
293 680
481 984
722 758
248 957
299 331
104 289
179 273
56 452
40 585
485 765
969 972
490 937
400 433
683 894
304 861
146 220
536 620
277 646
498 715
669 720
230 942
86 450
255 457
58 791
79 703
465 895
430 463
382 964
148 772
718 866
114 778
443 832
297 378
619 811
382 855
59 272
205 966
280 547
370 775
303 677
839 951
2 112
295 725
353 940
135 812
71 734
182 329
546 740
236 942
115 775
645 940
634 745
10 441
211 280
28 930
54 934
776 804
7 20
889 925
63 956
124 702
387 850
654 948
436 657
238 285
112 977
224 763
685 802
301 537
251 658
181 195
237 923
592 694
915 997
4 588
517 633
668 763
391 552
57 62
39 122
150 817
377 985
86 947
103 883
56 130
842 993
682 858
591 686
81 337
178 685
473 479
55 893
259 692
117 904
351 474
800 880
639 823
714 730
77 630
317 455
32 89
14 89
821 855
201 630
528 921
302 468
675 858
174 675
268 668
622 797
181 601
57 619
477 818
305 609
558 628
26 269
688 914
464 818
32 918
718 894
173 315
156 527
175 285
560 711
226 455
182 442
24 516
226 438
28 736
783 880
418 772
145 580
384 412
884 951
97 451
318 821
693 855
512 920
750 792
144 380
112 640
24 290
421 864
617 677
853 877
124 595
414 507
767 811
292 531
205 302
29 704
466 794
729 928
54 61
186 493
471 476
150 755
634 862
121 769
176 282
357 469
157 173
38 624
349 785
462 560
247 298
321 428
582 801
18 388
381 416
203 896
280 439
66 408
212 946
912 920
251 924
88 576
69 983
74 959
330 517
113 915
63 485
53 319
181 874
240 282
419 957
4 981
320 386
172 675
165 294
57 933
238 996
293 497
204 780
42 179
191 534
356 599
235 686
88 956
433 583
584 769
680 704
74 371
343 845
455 707
79 887
253 672
294 598
154 461
140 168
286 710
568 595
273 457
331 735
171 770
334 722
118 677
671 689
417 646
438 828
277 370
210 951
482 560
15 802
508 560
440 976
793 972
500 924
266 884
90 656
487 694
162 293
400 754
328 916
148 231
43 507
297 927
707 912
82 415
158 984
175 986
453 516
112 906
155 882
586 622
96 510
480 541
11 327
160 923
293 593
556 985
479 826
203 940
113 814
284 427
160 889
364 761
61 695
99 380
155 702
85 305
215 690
570 943
39 352
172 647
899 956
212 283
251 375
127 392
145 166
257 669
369 593
44 835
190 577
212 505
47 56
822 886
16 292
143 597
554 812
311 503
757 803
26 325
944 960
303 787
452 703
641 928
217 470
623 858
239 657
745 756
227 954
598 671
214 960
606 890
625 723
348 926
262 458
482 724
70 439
45 107
559 657
11 935
31 40
73 354
367 384
225 431
940 984
318 604
440 714
257 404
646 654
336 363
67 493
811 986
59 657
17 849
66 318
655 906
506 553
217 698
428 584
52 236
548 681
394 603
531 886
385 820
834 989
372 908
800 853
428 878
160 244
142 900
347 582
94 413
84 403
40 985
423 570
29 415
393 483
30 1000
490 569
138 678
92 789
62 473
321 833
47 111
571 865
515 729
537 817
58 788
231 339
640 842
633 777
830 941
779 941
232 942
193 440
641 908
197 464
116 288
192 240
597 799
301 434
451 605
415 446
110 834
400 909
364 470
128 616
40 420
101 517
192 367
103 123
288 818
221 236
131 668
426 788
500 933
559 708
306 426
185 587
242 556
22 342
137 936
724 884
413 939
340 637
824 878
272 501
127 599
219 868
332 573
283 791
177 296
395 497
193 917
654 778
237 632
487 591
763 951
128 212
620 747
15 681
90 874
470 774
7 821
108 890
424 841
8 520
410 944
102 588
267 537
358 986
327 681
419 674
367 856
703 978
484 900
303 448
329 861
219 337
592 981
310 520
596 773
522 992
423 875
354 504
498 808
316 589
229 936
195 728
363 618
513 739
146 396
19 102
282 764
65 228
7 761
47 956
190 989
507 843
700 922
256 739
94 377
313 502
596 731
133 291
86 269
476 681
155 388
504 546
106 698
394 800
87 685
491 492
916 941
39 526
153 619
178 238
329 362
666 683
60 142
260 984
45 606
173 425
134 945
395 627
662 663
257 630
277 635
460 775
745 803
102 480
265 823
361 554
486 771
434 934
201 945
18 553
75 600
558 855
83 437
232 793
303 696
343 639
128 628
606 931
163 461
166 704
35 135
272 307
810 831
81 581
137 891
542 730
222 714
280 845
23 559
542 613
193 960
379 681
51 955
488 895
163 777
128 176
599 850
449 628
379 503
487 960
510 547
445 736
137 311
985 987
267 948
177 566
103 688
293 956
39 136
350 679
595 616
375 784
410 916
413 499
329 1000
621 681
12 983
324 577
489 518
865 927
574 865
591 653
27 494
302 676
13 527
877 976
234 850
75 474
493 967
185 366
511 726
481 519
78 739
526 887
69 776
838 965
89 202
450 794
360 900
414 737
514 822
622 847
570 746
809 850
296 315
259 433
338 682
247 798
325 944
1 794
166 288
386 852
766 901
36 820
588 841
71 349
221 272
38 366
313 861
173 397
209 988
344 837
456 671
218 802
297 433
304 467
47 261
286 711
469 723
291 815
79 916
10 653
376 453
16 118
879 957
435 588
427 556
488 558
72 813
880 964
92 432
297 764
154 799
746 917
157 588
289 572
287 985
163 199
477 507
577 981
409 843
487 518
551 653
318 560
500 691
46 515
160 702
573 754
850 921
281 434
564 735
194 917
77 104
224 676
99 560
704 766
355 666
138 252
581 680
142 540
694 985
452 476
229 782
270 320
170 188
99 750
621 653
475 563
95 890
556 760
354 416
299 353
851 972
800 842
467 643
584 753
786 885
108 759
217 1000
243 700
194 456
553 663
313 558
316 859
852 901
134 716
543 800
229 706
471 773
330 875
499 816
80 638
498 677
688 893
451 949
952 962
628 787
38 315
852 859
282 889
430 433
18 847
58 992
370 910
27 935
451 723
365 693
149 632
597 890
365 838
117 165
266 567
84 786
430 770
184 1000
280 743
44 384
82 207
408 476
533 964
572 942
132 995
520 721
25 85
357 808
396 660
163 227
625 828
225 430
577 945
940 985
470 904
59 803
353 578
341 661
431 791
538 703
51 864
915 971
350 748
60 978
224 576
99 556
392 396
358 575
324 763
91 144
241 259
630 807
829 898
133 923
388 856
301 725
642 691
25 691
65 878
639 908
215 736
536 801
742 755
485 618
420 559
96 967
167 466
282 520
13 936
1 928
543 772
331 346
313 699
649 817
8 135
134 827
30 888
203 356
791 895
558 606
355 417
139 764
65 347
382 970
201 779
93 365
735 962
779 940
136 698
211 222
221 457
22 154
193 552
109 660
40 421
426 898
72 790
219 601
555 995
292 795
496 950
225 232
373 464
289 523
144 274
291 453
239 507
2 912
634 759
194 648
836 879
135 204
379 652
140 806
220 468
24 375
354 962
599 728
375 632
487 590
292 584
132 741
104 820
129 829
497 859
224 765
388 542
479 607
9 455
391 661
67 89
509 724
95 527
630 912
259 779
704 806
816 928
247 320
342 444
630 771
226 605
246 536
651 894
337 860
502 694
30 265
397 570
142 839
91 877
99 294
122 909
132 200
333 633
299 681
700 923
330 705
299 710
218 442
540 995
192 785
320 326
248 697
255 286
536 586
38 496
744 749
84 150
378 951
507 537
127 208
218 732
537 780
240 956
348 515
465 857
248 407
486 689
359 445
731 790
718 892
39 879
98 425
176 611
32 519
163 383
515 978
456 755
371 448
390 570
417 760
128 629
365 782
641 649
54 870
589 723
384 414
805 918
684 745
81 580
334 406
905 960
14 804
21 200
22 371
232 583
345 872
362 822
555 749
370 493
650 651
599 764
251 594
659 699
141 752
163 776
128 177
509 775
152 422
172 857
266 402
254 549
94 798
132 511
355 718
318 454
341 943
12 833
458 717
609 923
596 939
777 887
704 945
13 701
398 457
705 757
498 845
118 418
82 908
268 973
691 695
543 958
195 580
89 201
296 429
39 719
242 473
69 664
144 609
201 528
723 759
117 652
196 797
13 833
109 792
402 440
123 644
274 766
723 981
244 944
770 894
718 856
611 776
478 497
269 778
589 917
11 735
232 886
340 353
801 977
250 483
35 213
465 752
192 424
357 930
179 594
474 590
1 374
55 63
754 994
461 836
227 894
70 472
500 781
229 329
659 870
92 215
702 776
295 338
59 774
113 625
220 307
516 992
37 963
439 979
668 799
210 505
51 775
341 609
203 576
721 899
738 803
372 613
506 531
197 670
525 848
103 804
159 726
53 127
200 541
142 831
324 934
604 638
610 767
240 425
20 479
130 863
212 583
85 319
88 717
35 966
325 736
19 161
477 549
242 362
463 630
248 787
372 985
375 394
640 723
242 509
134 717
212 293
514 795
108 406
19 383
117 352
58 894
347 907
113 505
204 528
631 923
190 583
100 705
321 788
692 781
213 814
144 875
473 977
727 969
252 891
19 714
351 609
260 544
391 462
139 433
301 332
486 968
286 544
196 678
128 654
328 502
74 198
849 852
740 791
10 686
580 716
176 698
357 629
135 965
503 987
163 388
254 455
149 857
520 579
82 204
482 722
102 139
491 896
2 909
349 354
496 794
6 973
172 477
279 603
361 428
606 666
167 730
611 736
22 315
776 779
707 993
814 839
893 982
140 658
289 840
676 812
110 480
128 202
241 599
332 618
443 451
176 198
341 660
251 538
733 958
59 659
124 379
825 840
203 620
113 750
185 233
458 803
122 660
85 512
11 357
143 160
419 648
441 960
665 672
24 216
48 750
547 644
786 948
877 885
310 546
240 469
510 933
155 668
411 822
375 505
53 373
114 325
21 791
190 950
619 736
360 989
238 930
80 460
812 917
687 859
528 944
255 357
848 961
813 849
726 806
123 735
14 354
38 292
528 606
503 744
16 258
224 485
297 383
339 916
69 259
202 420
75 958
135 920
166 730
616 889
231 896
88 434
625 765
365 954
426 786
353 786
559 710
546 739
179 650
292 875
702 998
370 631
262 327
196 463
15 917
287 912
710 833
417 430
223 790
120 225
138 448
525 724
395 499
234 297
625 936
37 778
78 94
480 761
172 231
210 302
707 874
110 367
497 858
281 617
816 978
129 941
149 418
280 303
100 400
137 362
263 478
381 409
481 799
428 558
657 764
808 864
78 538
116 713
7 618
48 537
146 394
330 639
665 990
198 446
215 628
273 789
170 407
86 259
342 889
311 746
204 890
195 905
17 409
143 745
187 553
773 866
373 974
209 869
445 465
145 509
184 613
222 253
47 498
106 602
537 956
75 973
718 893
244 972
120 722
54 581
398 763
718 748
304 440
589 833
127 902
136 949
214 782
140 997
434 646
383 761
58 362
336 632
267 490
275 999
836 844
128 771
98 861
506 794
31 371
340 770
132 730
9 401
318 741
120 364
375 972
233 947
31 256
470 800
569 681
113 549
318 372
266 403
626 797
440 482
95 610
168 945
189 761
315 930
501 775
156 486
68 682
18 387
38 966
76 141
169 629
920 987
316 764
99 756
251 913
432 725
159 642
700 858
458 605
511 579
208 940
83 840
134 452
601 907
446 506
359 911
51 486
394 529
514 901
324 865
53 429
705 790
304 905
302 388
622 845
222 447
359 706
610 796
476 574
113 476
313 754
420 838
153 581
726 878
50 455
288 432
307 460
515 787
386 965
317 827
697 965
616 659
46 218
49 278
835 947
491 889
383 447
131 824
297 448
633 944
407 671
301 504
413 734
275 805
295 670
10 538
249 808
432 504
296 663
617 757
706 862
429 485
286 374
470 755
362 920
516 707
386 440
280 939
650 733
376 788
106 389
491 709
721 736
229 473
376 899
655 669
552 646
258 529
480 673
318 641
29 850
160 559
582 614
253 436
401 715
646 963
258 896
462 736
29 963
51 695
552 932
42 350
738 915
479 807
704 879
206 741
66 328
747 835
842 981
517 975
203 929
502 767
216 532
21 897
189 511
561 660
325 751
161 262
307 876
130 975
184 225
186 947
377 752
105 673
144 575
74 688
536 997
133 377
852 903
248 643
36 628
398 887
218 627
221 592
203 493
231 475
456 991
408 866
283 418
726 741
1 518
774 891
188 236
139 432
491 869
473 754
183 939
199 556
277 290
408 431
278 965
637 940
89 898
288 809
884 891
580 604
824 998
750 868
516 528
23 992
176 921
175 677
824 853
841 921
179 734
291 440
664 958
449 784
893 981
733 780
326 738
612 931
521 868
25 885
667 674
82 382
663 918
137 764
587 884
197 736
310 769
612 641
738 964
815 876
372 634
176 293
324 741
329 981
539 870
39 82
543 706
410 970
102 566
103 843
368 652
247 412
178 532
14 214
807 943
242 399
78 729
691 750
583 836
57 994
277 785
619 624
543 774
108 507
146 216
442 707
687 971
709 911
450 610
89 290
187 637
558 604
62 431
190 608
299 779
562 675
452 527
70 970
680 810
352 683
792 952
253 613
121 188
111 601
149 892
166 810
232 734
50 979
34 460
607 693
115 779
280 884
637 658
84 534
362 976
128 824
77 379
223 785
116 231
483 700
379 639
106 477
488 774
362 867
291 293
37 777
702 705
149 207
112 838
387 854
82 354
45 366
101 198
211 634
431 821
937 976
183 480
171 408
63 158
48 429
90 792
197 708
410 959
54 486
760 767
124 126
401 445
163 682
238 242
185 486
761 839
238 861
574 987
32 494
88 646
342 783
535 980
96 997
528 782
308 314
381 988
274 502
184 264
687 894
27 210
669 799
86 371
144 918
278 321
575 725
762 940
191 732
356 669
692 855
247 932
288 405
566 824
514 627
164 296
861 936
365 601
355 479
174 897
692 966
253 664
554 995
495 719
331 422
260 618
631 755
45 748
637 882
527 564
89 728
254 290
770 779
418 574
348 803
40 500
537 556
672 745
413 761
417 766
344 906
418 657
254 397
58 760
158 695
698 968
272 310
274 860
150 331
379 829
555 862
318 904
667 765
492 794
254 841
850 944
780 907
505 821
544 890
17 798
362 633
128 465
475 778
95 621
439 751
777 996
538 612
264 689
318 452
302 969
224 522
251 803
256 309
310 632
424 951
216 569
472 931
643 796
165 448
221 824
114 424
108 654
397 685
327 428
170 505
431 498
394 737
513 637
591 940
117 537
522 741
207 667
209 678
42 191
88 785
87 733
236 249
249 258
499 966
26 506
688 803
156 841
162 778
14 347
147 630
187 677
818 961
378 824
568 744
697 964
97 144
169 355
5 909
335 394
26 156
266 655
102 387
265 848
32 549
110 910
254 350
54 550
166 656
33 889
395 894
508 733
348 950
392 968
469 818
145 548
148 397
84 735
174 345
291 415
116 168
483 871
872 966
395 429
175 881
112 831
483 756
10 204
659 729
57 303
37 961
422 593
719 741
171 339
120 393
104 782
17 873
648 725
77 101
480 529
341 976
103 721
752 793
431 594
453 802
385 514
320 853
337 777
890 891
29 115
212 867
176 393
158 265
109 293
237 240
351 376
613 917
635 933
651 696
273 690
53 238
311 926
80 196
562 888
411 812
708 974
576 676
97 647
648 785
100 798
246 352
377 759
969 987
252 689
147 839
522 665
543 813
87 737
826 883
100 636
50 281
32 244
93 405
633 640
460 612
361 965
549 898
442 526
615 641
106 915
199 670
165 794
520 871
84 942
675 709
737 908
662 973
858 936
13 295
664 737
650 924
392 996
482 720
31 135
289 620
35 64
185 563
516 529
131 565
166 926
361 402
245 544
229 363
550 835
564 783
284 967
103 535
881 901
25 997
185 239
648 753
369 378
6 15
190 376
281 572
673 770
51 658
147 167
20 159
241 256
798 906
696 844
307 941
161 455
381 612
552 784
203 844
540 581
134 498
502 728
69 939
665 960
652 926
136 146
262 598
587 691
950 995
476 850
437 724
367 663
155 271
433 673
145 245
647 982
84 270
433 562
450 752
714 901
74 292
610 850
203 392
294 801
230 931
13 135
30 895
131 196
60 230
633 668
80 748
504 1000
835 876
692 995
588 652
58 899
224 487
524 740
818 905
589 970
165 830
205 961
97 216
41 864
171 817
64 399
196 644
88 261
602 899
608 716
182 467
280 599
741 864
351 724
118 737
488 730
50 833
306 471
508 517
435 649
555 996
239 407
679 922
519 577
33 914
92 123
98 964
135 201
634 754
11 967
215 383
362 977
401 999
110 531
497 638
153 410
98 951
201 422
388 650
206 913
121 767
285 286
54 197
314 382
43 340
500 613
85 689
51 833
768 919
362 514
725 897
410 956
198 771
273 600
60 864
226 600
155 604
462 584
66 433
85 403
32 257
105 461
639 988
677 767
506 696
220 906
169 936
441 851
77 783
406 975
206 589
377 574
70 619
198 444
165 269
69 673
363 396
71 87
222 449
499 892
188 337
247 822
675 833
450 724
87 681
787 847
2 493
883 994
576 906
464 920
456 536
398 991
299 886
98 420
335 433
73 226
40 501
370 804
120 835
390 569
245 420
488 679
286 638
76 918
222 940
689 809
541 776
210 972
732 841
555 960
440 825
148 490
44 331
82 146
559 740
10 503
214 895
361 473
72 132
497 649
797 948
409 883
318 905
746 972
219 836
444 691
68 103
289 886
806 829
94 995
96 376
245 905
447 461
200 262
457 697
332 771
150 756
355 610
509 757
453 845
538 613
189 759
651 782
366 465
777 884
243 390
155 568
267 662
324 589
423 779
522 896
333 649
267 743
34 742
218 379
164 649
96 787
367 606
407 503
268 607
450 790
566 584
734 766
181 742
218 490
317 486
285 584
181 535
203 451
204 920
657 794
105 997
420 832
94 123
580 934
174 819
350 400
18 758
218 814
22 214
403 848
637 789
123 999
322 768
14 634
35 329
183 833
240 697
774 812
80 978
407 665
482 602
139 487
413 732
12 111
692 761
352 434
6 597
426 857
689 853
875 942
128 963
59 61
793 983
392 856
177 394
897 945
625 788
715 918
148 381
606 701
3 530
331 897
724 936
374 865
124 652
492 1000
823 932
642 871
505 871
159 300
91 490
15 749
642 905
96 499
500 605
764 802
428 466
195 489
531 643
452 472
256 355
78 438
946 950
980 982
17 906
180 450
189 396
7 543
138 986
752 760
240 428
424 547
43 971
445 851
678 803
221 908
19 162
522 823
377 758
428 790
411 988
17 325
41 335
613 711
479 485
302 422
549 687
322 467
86 440
144 991
264 456
835 883
13 243
145 443
239 815
369 549
4 266
615 640
162 926
342 752
80 815
156 588
644 713
27 729
598 656
233 444
567 963
440 770
210 916
720 841
295 525
387 606
12 369
551 732
220 460
280 905
23 595
327 781
702 811
81 163
82 380
301 926
376 929
196 244
362 668
436 699
261 304
445 691
6 125
581 743
357 391
876 933
200 350
181 233
436 810
16 673
95 535
72 265
204 318
509 716
114 188
212 785
48 274
266 425
217 701
87 211
626 803
846 868
439 726
209 289
66 426
164 995
346 970
255 802
146 274
76 215
209 434
68 627
694 731
169 988
43 823
337 534
29 376
30 563
218 307
19 190
669 904
528 804
394 678
660 701
593 758
499 867
83 608
299 623
891 905
56 296
40 877
661 853
166 285
903 972
631 971
762 918
83 721
286 982
32 785
17 67
218 708
627 800
373 920
209 911
429 982
227 366
190 614
264 484
416 559
236 480
18 687
112 222
438 556
369 705
79 810
45 646
123 574
692 915
303 818
54 636
697 771
202 419
650 863
727 863
247 657
109 656
112 444
165 654
280 600
188 865
173 243
227 989
250 550
92 453
577 631
337 490
323 683
103 199
15 865
346 507
132 850
295 390
521 821
104 681
11 87
379 625
201 421
148 164
332 905
101 196
94 919
242 922
133 729
150 745
354 800
462 687
388 538
29 792
281 622
530 863
747 751
290 484
147 341
704 826
190 277
63 233
266 333
216 688
51 753
272 950
226 601
467 865
583 631
12 808
15 507
57 177
4 872
85 259
472 888
34 707
310 700
648 859
133 157
27 438
686 971
104 259
911 930
507 846
678 875
329 674
255 548
167 498
170 402
411 900
69 672
126 851
222 454
166 174
23 275
636 848
286 931
518 546
39 517
528 558
212 463
106 566
156 871
278 310
135 731
83 346
835 843
106 601
839 883
398 591
774 950
176 615
446 891
412 959
141 215
520 800
107 462
469 683
279 446
118 706
249 785
20 574
112 567
421 921
137 894
176 980
46 270
608 823
435 789
76 885
771 943
127 737
3 569
439 805
496 805
23 554
435 898
607 824
387 807
559 965
379 541
215 243
90 984
716 948
272 613
492 788
668 823
470 807
327 618
510 548
78 296
651 944
48 331
393 896
233 833
271 931
333 422
7 933
195 413
12 893
837 982
530 722
237 778
592 807
5 132
207 982
264 770
209 361
51 634
12 972
215 823
185 256
252 312
273 869
221 935
886 955
136 171
9 931
299 649
122 796
375 418
82 795
87 622
311 715
278 496
406 677
723 763
852 989
9 669
208 604
891 945
826 972
334 907
26 504
300 751
173 631
264 301
106 554
714 813
71 344
623 735
457 476
61 194
19 690
115 649
593 873
135 588
335 404
157 948
283 761
545 654
250 380
541 890
35 217
129 268
93 115
421 556
905 919
55 59
555 815
763 788
439 777
331 896
211 726
586 950
642 868
110 456
292 573
223 875
332 578
152 232
77 257
133 639
681 922
289 785
56 516
57 301
320 905
16 582
574 597
68 890
72 381
436 966
114 232
3 977
99 644
25 553
212 877
87 191
548 691
592 771
134 276
177 823
473 488
111 410
574 774
259 613
377 516
468 693
643 651
346 777
57 858
170 475
209 631
526 852
85 172
212 690
442 955
756 835
26 570
722 815
246 401
84 500
123 326
252 546
271 488
39 636
632 960
433 613
507 596
623 642
347 911
757 956
369 587
17 247
308 530
239 814
303 793
89 741
36 932
588 761
222 843
227 595
435 574
74 194
295 814
75 756
228 738
728 746
417 533
387 577
229 280
104 575
319 410
33 613
90 638
538 998
343 497
551 573
573 785
43 362
157 254
876 934
384 902
538 555
315 638
704 735
472 639
200 430
333 366
561 971
690 817
186 624
281 860
32 342
125 637
181 827
539 665
5 109
463 673
339 604
377 657
661 739
113 191
204 850
117 735
248 674
212 325
736 951
916 919
188 318
687 980
744 758
13 133
765 768
714 786
736 806
113 409
459 757
528 594
321 756
305 719
714 869
731 769
878 976
166 508
204 647
944 994
429 870
247 739
474 881
331 524
120 809
156 593
396 448
53 983
266 980
710 923
306 469
16 179
126 210
184 905
25 395
317 691
232 705
710 810
16 194
589 699
132 972
222 720
318 915
409 917
185 958
629 827
270 705
287 813
215 238
272 634
92 155
366 878
439 998
466 960
621 780
251 570
358 754
510 521
55 694
298 665
445 726
124 411
52 424
56 939
129 929
419 731
350 717
629 718
388 938
526 720
229 240
301 675
105 290
489 643
440 441
214 255
198 656
53 179
293 740
406 973
215 643
56 120
511 568
165 442
381 759
186 903
61 761
152 523
354 357
320 445
198 434
90 347
921 933
648 811
77 623
352 782
804 982
571 933
74 759
99 152
744 835
522 558
523 891
191 729
268 362
161 926
515 827
53 664
148 944
164 299
36 798
114 982
688 905
675 929
343 791
369 748
339 948
644 755
28 584
322 941
508 692
732 980
71 554
671 875
214 770
24 698
315 397
79 220
541 951
337 358
564 931
393 596
33 557
418 993
400 540
2 736
276 391
171 731
64 937
854 956
893 922
140 598
586 994
146 919
592 619
275 713
77 237
42 580
3 726
6 171
320 942
284 521
140 549
106 335
6 58
335 698
581 702
690 919
466 567
416 480
54 342
475 783
428 639
217 756
270 366
829 965
260 320
480 854
9 192
213 352
198 764
517 888
423 773
95 925
189 328
579 832
639 720
179 334
290 973
865 883
277 997
313 532
332 336
799 928
97 602
22 539
316 828
8 245
209 820
13 892
92 987
330 960
203 338
442 646
352 520
389 585
65 405
567 682
257 571
459 701
140 208
412 621
362 448
218 812
193 634
374 699
417 814
482 600
563 801
784 978
527 698
144 433
129 259
40 354
461 750
483 906
417 520
793 981
645 860
909 983
654 682
112 675
59 940
296 554
339 396
470 614
487 572
92 172
572 742
42 937
188 767
444 849
393 705
85 789
48 409
301 969
360 411
380 966
54 131
60 964
294 402
388 979
372 610
393 931
587 989
543 746
51 552
143 248
445 992
462 902
191 204
32 331
17 537
511 611
78 598
462 817
584 759
52 53
40 597
221 906
535 936
591 796
669 930
874 948
17 315
192 815
74 271
290 832
181 617
114 572
98 153
8 145
743 747
485 931
14 395
101 935
190 584
108 177
161 838
74 481
455 668
631 775
120 671
106 926
162 924
35 406
588 762
58 605
644 804
545 681
106 801
306 351
61 455
193 759
267 328
84 792
141 367
474 956
22 466
698 911
236 578
71 643
555 778
98 575
335 830
625 822
236 977
555 667
205 286
724 974
71 929
577 804
153 300
301 924
11 186
431 797
231 607
253 483
65 725
104 877
375 944
621 952
102 712
142 595
113 737
258 864
152 483
320 773
302 917
682 991
243 467
578 668
190 206
225 876
708 783
466 654
381 609
146 272
591 722
319 831
432 657
17 517
215 766
111 441
60 701
316 535
834 980
234 916
627 663
477 516
350 786
4 916
151 967
705 801
665 886
229 671
852 935
744 872
429 562
268 752
39 611
153 656
174 766
636 957
231 507
527 830
144 829
95 280
631 890
623 790
239 845
187 750
277 608
723 912
698 734
109 765
168 209
496 718
171 818
11 653
232 804
265 877
92 336
149 791
286 400
892 987
163 423
608 702
59 246
542 737
335 877
693 891
292 912
64 735
29 579
484 504
84 530
158 889
474 690
755 863
280 999
889 933
138 461
362 879
107 544
272 635
332 907
668 813
335 560
340 858
270 625
231 579
569 656
772 787
77 89
6 95
48 417
11 311
601 656
30 480
440 442
80 97
247 463
268 848
398 503
290 708
56 138
347 413
384 641
169 941
682 834
635 878
100 243
122 919
186 900
260 387
652 957
373 518
87 580
342 771
329 672
548 938
665 850
441 562
192 760
66 193
691 718
302 621
32 81
347 808
661 774
903 925
151 856
298 508
562 609
338 705
490 516
97 942
5 755
298 399
248 558
152 857
584 892
622 660
640 958
753 795
26 277
154 334
390 786
321 727
265 943
162 853
16 355
507 652
236 454
731 876
438 526
697 940
644 877
89 691
334 591
213 594
571 608
532 986
662 793
520 802
118 849
344 910
274 969
115 973
81 557
6 620
603 928
219 955
404 863
444 616
175 744
31 88
182 220
426 642
617 685
245 628
375 677
1 14
37 856
375 602
238 342
77 236
132 711
480 666
449 589
864 880
510 554
93 578
2 515
7 790
392 507
48 333
428 489
357 477
216 799
409 515
215 979
324 682
86 757
54 343
345 445
310 973
141 972
777 1000
6 458
320 845
742 960
284 296
254 702
203 952
475 703
26 915
243 395
155 573
321 341
164 805
74 935
129 686
674 834
285 803
198 524
713 824
843 889
346 819
493 960
591 827
481 536
817 842
218 489
695 873
330 751
364 947
799 931
584 954
485 829
678 996
860 991
653 730
50 369
485 910
420 835
330 961
187 584
114 616
813 916
221 760
688 807
339 885
286 812
112 137
649 988
304 635
47 413
913 983
515 935
383 469
486 806
286 718
184 868
520 990
408 600
407 666
83 86
158 516
399 794
19 914
3 377
741 933
407 523
21 133
612 854
611 637
59 62
712 772
720 767
521 994
332 749
560 840
336 744
375 649
231 677
242 766
8 794
335 635
410 686
124 766
177 361
569 607
238 370
113 619
422 597
815 998
621 979
569 712
73 569
612 746
479 925
262 957
10 42
372 611
655 958
267 969
752 797
142 743
396 819
402 816
630 978
59 619
225 839
7 907
376 725
747 838
609 953
510 800
501 663
122 604
26 870
423 808
851 981
344 381
882 965
665 921
795 966
338 871
122 830
48 949
90 272
687 845
285 553
19 389
518 601
217 316
238 746
451 843
452 528
70 995
308 540
408 662
830 953
139 550
361 602
213 921
197 484
322 752
805 886
25 316
10 680
227 930
177 201
235 351
520 585
206 364
758 937
478 753
140 938
343 685
698 908
383 700
346 482
453 462
291 447
236 978
607 749
223 824
128 849
12 451
430 598
7 184
68 954
819 866
345 731
287 728
168 848
9 428
501 984
707 773
581 740
506 974
547 940
360 504
234 465
915 976
458 813
111 117
320 774
393 990
376 642
358 566
458 700
99 674
125 906
489 566
471 738
510 860
425 478
333 765
303 421
677 680
807 981
94 506
704 808
632 657
472 782
380 431
218 318
576 644
691 757
583 835
195 514
27 205
100 909
13 818
334 854
740 765
5 670
778 926
640 979
291 545
507 626
278 297
339 813
486 652
412 551
382 973
532 848
2 295
224 507
41 219
232 918
266 752
446 834
343 994
913 927
109 764
53 932
404 614
131 998
230 272
672 706
123 928
378 751
59 152
277 321
258 511
343 704
589 808
274 885
24 672
83 255
68 361
289 524
275 977
132 974
775 868
98 960
25 58
104 541
68 248
250 775
116 236
261 639
279 746
802 821
405 816
850 969
595 886
137 690
341 690
90 882
55 688
825 878
110 224
440 460
721 973
392 431
160 987
109 344
294 298
481 785
299 384
82 528
63 123
86 968
431 647
91 866
94 583
20 302
384 642
316 581
498 800
613 937
158 468
307 826
513 763
255 592
397 644
169 829
557 658
632 685
320 447
136 178
467 576
69 796
105 723
911 943
60 561
556 590
208 740
173 878
347 811
238 576
744 837
212 347
166 316
36 792
97 798
204 598
633 700
813 960
118 948
37 178
662 687
792 921
338 371
391 511
452 767
126 274
277 500
448 846
563 967
70 213
236 741
496 634
153 175
137 786
62 825
482 549
106 137
589 716
400 880
154 771
505 621
140 882
272 442
521 965
42 800
225 382
315 508
559 593
479 666
280 964
776 969
82 432
487 619
401 848
457 556
190 474
106 333
181 189
592 764
121 776
217 585
414 813
110 252
156 508
525 805
414 956
56 824
200 488
388 799
513 854
553 897
56 167
311 945
290 745
498 836
27 486
88 760
179 291
587 750
90 394
481 543
133 254
9 928
271 352
369 834
186 776
429 744
145 177
364 963
130 519
302 505
486 618
360 682
260 789
135 683
732 741
253 710
822 867
71 341
770 966
292 390
203 293
386 991
627 797
528 668
49 703
122 479
268 415
473 623
273 311
31 904
71 635
148 692
455 984
226 480
451 541
503 972
585 831
254 466
387 729
7 288
366 603
572 898
422 793
392 860
89 842
35 56
14 779
590 810
168 599
41 751
225 410
284 841
283 806
343 494
271 637
326 760
241 684
58 106
76 747
707 923
104 740
93 564
167 781
155 845
264 628
85 644
581 783
294 400
332 803
4 638
78 267
372 620
85 629
600 775
587 991
108 954
128 434
21 681
439 718
355 787
618 663
630 834
167 192
885 987
561 573
66 501
449 507
87 297
377 521
66 100
285 774
74 555
420 563
204 218
874 946
138 568
13 956
35 860
56 417
464 582
123 347
13 781
144 580
382 756
44 933
243 930
373 799
156 827
70 849
952 970
463 770
265 917
766 937
342 645
818 926
352 372
616 757
157 917
448 775
193 580
31 876
303 651
286 555
451 616
637 821
218 945
644 693
176 689
943 987
512 827
58 701
6 565
706 781
192 395
174 271
658 680
519 745
387 578
379 760
802 959
15 958
487 717
806 927
382 509
646 756
444 640
491 679
145 805
241 584
573 701
538 788
430 710
380 885
72 446
242 882
355 593
48 391
160 577
68 970
108 783
220 669
534 699
242 965
315 627
9 316
119 393
29 929
694 957
738 945
211 819
431 738
677 710
552 789
485 513
674 792
20 506
338 953
70 512
311 878
596 712
339 609
13 928
584 612
549 766
5 268
14 506
182 872
695 961
661 849
442 717
244 721
486 562
307 413
64 230
908 945
619 916
528 597
735 970
193 439
499 675
858 998
210 997
139 291
512 775
231 953
110 826
418 758
37 576
844 848
24 673
793 994
483 964
541 976
196 423
470 706
400 676
129 506
239 259
461 773
84 540
430 512
309 753
474 688
148 305
183 216
551 589
236 838
914 964
257 463
383 945
719 811
423 478
315 689
172 222
340 868
569 662
544 852
45 505
30 87
587 790
57 475
137 403
432 544
643 806
635 864
285 861
323 406
147 932
169 828
114 273
911 942
420 587
556 591
117 527
8 77
359 582
60 417
334 768
518 663
231 392
549 867
75 228
773 875
286 822
451 885
160 358
515 828
255 407
28 421
122 440
434 972
36 872
429 839
156 513
503 890
32 543
328 422
79 955
633 925
297 493
249 932
469 695
314 872
797 877
317 611
283 575
205 706
10 496
279 555
64 654
136 779
227 842
505 620
219 810
148 358
37 757
387 922
483 881
45 170
374 798
366 926
2 767
44 102
228 923
45 315
85 894
210 378
15 615
569 577
509 942
185 840
242 811
43 294
595 789
544 769
284 516
103 602
529 647
50 674
237 996
220 726
42 722
190 426
7 784
651 948
552 975
77 972
734 822
237 774
96 714
578 706
479 857
467 769
591 660
354 405
243 570
433 770
52 92
695 762
226 859
195 588
40 523
476 791
77 528
139 961
230 770
326 384
437 809
60 308
813 914
888 941
464 889
523 920
339 887
566 798
365 567
477 925
79 889
10 848
190 546
709 722
49 702
162 887
161 808
558 777
101 866
157 944
115 570
390 542
49 408
144 436
589 798
555 914
554 739
374 600
805 946
555 803
797 994
746 922
380 652
141 554
845 982
771 911
516 714
461 973
188 523
712 917
343 489
327 804
132 790
295 330
833 935
261 438
426 503
391 823
324 490
823 976
24 38
759 982
246 783
45 432
300 371
772 981
458 823
210 384
730 891
342 397
328 715
152 313
9 144
816 864
142 660
215 870
143 197
290 667
54 416
552 826
129 543
95 732
5 228
405 698
225 950
125 597
74 985
330 559
203 823
406 904
43 974
433 814
87 409
90 367
803 856
221 903
60 523
601 793
428 787
549 729
108 383
181 709
471 943
367 750
799 897
450 742
342 952
622 880
75 223
558 728
813 869
173 710
47 93
303 967
325 923
326 492
312 618
593 943
631 915
335 342
343 875
605 628
44 708
98 502
335 455
567 568
142 413
532 813
130 445
166 551
460 832
396 472
434 871
253 971
644 694
25 258
575 862
279 397
213 761
288 800
71 751
720 959
36 134
447 588
101 457
245 697
135 227
379 763
340 611
236 972
223 826
422 917
295 409
64 613
690 745
379 616
15 558
72 80
343 397
172 251
376 934
197 600
551 569
129 808
607 909
242 883
100 277
318 676
9 466
251 643
15 716
825 848
20 54
205 206
116 991
281 518
604 820
299 422
137 455
708 778
431 749
747 804
200 545
63 470
912 986
56 96
476 953
467 678
216 358
696 944
604 713
643 747
191 451
484 607
624 690
179 395
330 805
22 599
114 716
294 968
613 742
579 938
108 498
313 706
278 444
8 176
613 631
99 241
692 890
164 307
143 514
813 986
351 943
288 511
571 744
774 975
576 834
39 834
499 565
283 308
144 222
328 395
374 742
14 567
326 773
273 399
939 990
452 955
16 183
365 946
222 581
41 516
478 723
387 528
28 774
175 721
314 951
335 799
284 771
625 983
229 393
234 273
436 757
509 905
24 495
163 996
183 505
93 635
63 135
121 882
158 169
205 242
315 926
251 796
90 146
492 610
219 314
405 641
206 548
48 642
570 779
77 777
446 454
138 927
582 978
267 753
40 641
134 611
14 181
416 900
490 865
678 876
62 129
123 405
51 176
164 625
499 834
27 171
265 754
415 576
490 515
139 642
106 563
964 987
92 610
145 501
787 962
334 547
408 673
47 506
782 843
342 706
273 329
519 876
226 363
154 508
317 896
120 730
429 838
16 501
680 924
201 959
754 789
59 329
68 425
32 655
417 759
36 79
496 636
280 697
28 763
323 765
608 861
844 885
637 734
448 622
824 933
345 966
608 972
167 517
24 301
59 900
171 590
245 625
690 734
56 766
272 459
55 496
366 927
297 936
341 739
492 785
332 938
578 910
175 952
34 60
492 672
823 892
458 784
110 275
25 935
764 788
232 253
673 851
275 427
264 696
318 463
411 571
11 421
397 964
199 440
298 923
359 822
158 423
324 587
164 800
354 402
355 983
337 704
798 855
195 702
87 500
385 842
540 826
522 797
66 177
618 994
179 338
489 814
165 299
812 966
9 823
249 410
416 799
165 188
424 506
369 977
79 602
653 727
31 711
140 494
341 347
88 903
151 238
173 626
36 830
74 457
112 140
536 734
442 629
465 956
118 918
213 898
692 929
52 512
252 872
532 778
335 403
839 995
336 830
98 309
740 868
61 447
706 948
193 751
175 427
602 837
692 711
171 908
387 731
318 845
555 802
353 850
872 958
136 808
28 846
802 921
783 974
291 388
167 553
280 947
153 427
23 581
410 570
374 891
33 717
590 859
58 104
298 571
780 983
410 685
488 837
505 873
90 953
305 433
272 582
220 260
279 925
564 673
17 866
54 135
458 820
459 469
405 999
171 473
211 936
233 800
752 784
217 683
396 814
355 789
320 684
121 923
198 845
384 733
369 433
510 807
425 487
885 985
405 697
468 579
267 680
103 940
513 688
347 454
385 805
8 296
522 942
134 408
273 836
221 902
38 196
256 566
243 646
333 568
62 206
66 149
265 296
622 902
34 631
769 968
57 974
464 568
549 681
255 328
351 805
830 834
298 435
895 952
718 995
535 763
39 968
188 390
335 337
852 877
602 660
179 253
515 887
588 871
735 976
79 860
615 702
429 893
139 603
737 788
274 618
672 697
66 712
835 919
16 61
452 817
364 485
455 958
19 834
892 947
75 747
300 780
140 933
659 943
180 842
34 416
720 847
529 915
72 194
295 408
6 853
45 241
232 392
525 679
103 447
121 635
758 761
210 323
659 762
2 599
43 353
6 119
264 530
785 996
384 923
4 604
294 434
742 828
47 734
673 795
655 927
217 647
15 380
548 589
381 396
290 333
95 674
367 841
596 901
655 780
159 701
384 697
169 949
132 335
226 574
259 567
540 604
152 645
420 706
437 684
76 92
259 580
264 942
431 450
126 942
307 848
95 977
557 828
320 453
249 481
507 809
237 384
38 115
4 39
498 620
428 903
36 656
697 698
333 830
49 539
106 732
307 415
398 970
952 1000
753 883
403 944
153 517
210 558
339 814
356 880
305 706
49 628
240 793
791 998
494 994
207 239
210 705
37 364
331 515
61 374
120 814
139 468
728 941
585 868
73 88
254 409
679 770
280 606
336 774
482 540
33 826
37 590
426 795
758 904
62 915
112 656
3 451
222 725
845 925
298 608
667 745
119 728
542 903
229 392
889 937
236 832
112 894
48 470
263 307
450 470
121 640
50 700
432 885
271 804
56 961
132 638
168 847
811 819
279 965
267 901
254 567
424 820
134 183
290 337
868 902
17 596
159 657
74 911
694 782
78 611
794 848
156 185
216 468
90 437
329 731
256 591
147 934
406 945
192 589
63 346
235 545
643 710
364 843
165 310
143 466
317 475
339 639
108 320
899 993
386 724
259 350
632 910
192 875
291 625
109 810
213 892
40 222
238 673
294 727
49 656
925 943
196 961
123 611
265 979
303 879
144 172
861 977
273 328
164 167
636 675
148 659
168 177
496 750
260 737
173 320
196 743
69 127
550 710
737 973
224 248
741 909
478 573
68 313
505 641
213 688
322 985
620 894
13 360
334 412
637 733
606 712
20 683
872 978
211 704
339 503
853 881
569 982
626 673
242 726
104 651
768 987
309 501
681 834
99 513
262 981
634 866
724 736
51 674
254 595
699 930
663 839
320 833
581 586
354 544
467 771
66 492
100 147
269 410
18 154
751 860
165 345
481 540
705 892
248 769
134 588
526 834
194 507
271 365
56 392
442 929
313 543
522 749
173 847
209 670
588 926
188 268
795 796
62 269
486 617
13 887
285 754
307 422
499 974
460 632
452 568
732 736
217 341
79 891
443 791
305 778
269 943
731 844
537 615
184 761
594 656
331 634
636 711
191 990
13 426
435 552
3 236
371 422
81 764
288 774
788 903
608 651
262 474
603 896
231 963
269 738
1 332
590 702
6 991
387 619
175 648
261 547
690 707
283 827
676 818
435 996
719 892
354 896
106 285
324 468
733 848
3 825
479 520
159 442
122 646
764 825
391 727
21 694
225 859
708 784
820 874
657 691
323 451
886 921
249 452
259 265
204 804
100 917
464 569
947 948
195 955
89 92
326 339
74 264
442 820
333 793
373 796
28 201
640 971
382 586
348 558
365 392
188 391
562 692
925 998
106 520
123 698
23 55
62 523
197 480
110 963
18 725
239 677
294 622
408 521
250 410
75 541
407 698
727 801
379 927
129 354
22 471
10 551
905 949
429 431
231 999
452 976
201 336
258 313
560 921
140 821
824 862
90 632
41 712
23 616
63 911
889 908
85 835
767 919
292 607
521 659
315 662
444 882
301 919
306 879
206 812
116 938
219 419
424 857
349 828
133 895
293 633
419 690
458 696
320 649
143 219
255 811
129 633
134 490
657 671
307 802
238 846
539 671
69 804
195 633
360 952
56 465
536 859
61 832
373 734
769 811
26 536
817 999
178 879
382 535
184 484
830 895
891 895
291 549
883 959
421 426
140 262
593 794
460 791
351 574
356 960
140 149
641 920
273 508
370 824
831 901
83 421
361 715
527 584
109 649
75 569
116 347
832 924
740 829
575 892
546 646
749 953
184 911
282 356
33 938
712 753
180 815
568 885
550 901
58 463
542 629
262 317
45 67
46 356
395 412
127 603
435 943
93 855
315 325
776 977
392 742
889 936
284 908
10 317
186 474
77 195
668 810
530 967
638 956
203 693
439 621
208 269
501 952
890 985
599 819
176 363
217 625
458 845
20 212
314 489
747 885
694 924
686 752
319 969
30 372
394 400
472 976
414 983
18 292
114 445
82 927
12 950
587 710
252 275
591 802
207 793
351 457
173 985
377 710
66 171
86 174
360 916
622 972
454 962
338 811
464 626
412 498
86 281
38 412
320 337
47 166
675 841
39 514
5 766
248 563
144 798
735 922
442 607
558 897
818 978
88 203
248 273
13 389
827 977
297 466
870 913
322 935
444 502
434 700
179 579
440 961
215 426
658 751
145 960
936 981
98 992
755 830
422 979
719 923
538 984
223 892
133 516
564 856
552 660
572 591
521 683
612 620
500 722
121 675
30 39
141 886
155 786
284 694
363 919
397 881
328 722
716 736
517 977
63 411
247 430
484 940
68 547
570 813
347 508
498 832
355 985
134 434
126 916
146 484
437 739
807 921
276 551
669 984
262 534
191 436
105 691
640 706
548 971
91 608
222 282
591 951
632 828
29 426
70 734
201 541
18 957
259 445
5 321
463 901
420 840
717 718
386 808
61 106
415 695
456 572
861 899
348 762
112 142
3 49
477 922
443 790
408 703
49 691
684 787
558 780
321 551
378 688
589 906
435 555
684 930
205 897
520 963
106 838
602 835
126 157
328 340
24 621
387 733
541 996
28 729
325 393
275 924
111 664
149 955
480 494
106 120
897 905
291 390
229 382
654 863
715 799
148 244
2 734
120 291
194 630
220 262
42 546
315 762
190 506
287 624
168 776
176 307
752 786
551 884
475 865
648 685
8 716
116 629
980 990
424 924
226 536
513 694
610 754
276 596
761 774
156 226
48 987
51 460
531 982
454 778
665 781
423 517
84 499
166 233
298 433
201 650
736 785
311 597
386 780
231 290
585 620
14 316
114 792
350 372
10 883
122 511
589 989
254 272
97 203
39 808
443 931
239 533
645 664
460 978
245 356
120 899
68 483
469 876
435 692
129 353
148 571
554 706
370 759
22 468
664 746
488 630
253 810
128 935
572 930
168 424
645 954
220 452
439 874
391 903
162 461
327 773
400 602
201 433
419 454
391 788
638 897
327 922
132 644
404 481
8 906
923 967
46 922
105 190
459 499
811 870
95 543
539 963
195 461
626 859
65 969
134 344
46 884
565 908
747 793
217 822
68 724
273 516
682 872
132 329
206 638
48 616
181 772
332 432
117 902
27 418
389 823
800 866
344 350
90 334
56 466
96 979
441 536
152 933
639 662
30 586
468 839
408 938
26 537
70 806
126 654
17 426
522 565
632 995
196 856
32 809
515 708
218 716
908 941
14 280
571 749
136 678
232 923
545 734
305 849
636 665
658 855
418 528
474 888
74 158
149 672
701 979
135 909
395 800
13 497
141 316
788 969
53 976
496 595
46 395
50 886
805 998
145 586
84 681
763 868
612 875
276 379
336 550
228 540
802 991
444 672
564 837
124 716
236 834
755 978
63 819
82 344
772 793
510 560
183 506
224 649
342 345
72 301
163 630
60 906
223 590
263 467
90 145
368 595
630 799
299 391
262 777
47 621
583 623
912 938
217 786
223 364
843 851
406 951
613 805
265 277
302 516
660 746
133 278
344 425
40 930
203 478
403 752
723 743
795 818
316 791
321 911
231 388
106 687
247 777
331 370
79 752
78 989
105 897
17 39
348 535
304 597
126 388
44 655
219 659
537 570
425 548
376 438
322 932
839 905
182 436
379 838
495 804
149 934
3 400
353 843
188 908
559 751
176 972
128 879
608 975
590 723
771 919
210 231
211 706
672 816
177 502
841 863
346 423
327 828
914 917
112 781
668 920
210 374
31 356
569 581
147 411
112 924
270 599
21 303
704 751
444 938
198 981
342 357
200 414
43 56
410 921
808 952
4 677
544 594
320 754
686 781
543 652
161 390
384 611
259 625
282 690
100 157
686 892
501 558
48 560
313 428
132 144
208 822
485 726
75 422
632 829
709 811
142 248
236 243
762 871
134 876
448 483
766 807
13 885
195 878
680 718
18 973
610 787
386 809
153 594
210 613
136 256
523 924
139 675
247 898
140 376
118 122
412 757
714 853
161 947
571 676
792 843
387 401
31 998
692 940
839 847
257 941
59 505
296 981
585 849
684 931
166 654
370 833
334 732
580 732
793 813
3 383
6 578
508 582
129 437
884 921
278 790
49 126
323 875
345 807
715 897
111 776
572 782
854 864
449 769
49 207
254 768
612 946
719 894
559 993
102 852
565 612
509 846
328 785
78 157
850 906
725 878
65 706
245 884
102 807
362 560
492 647
487 795
259 830
646 958
375 858
124 474
696 715
582 748
487 872
626 820
146 660
876 969
682 994
703 904
777 782
243 508
102 513
121 920
12 793
696 698
111 317
377 931
303 399
178 660
506 761
894 908
510 949
111 418
596 834
428 888
290 633
187 799
263 846
195 556
235 747
821 864
513 599
271 323
238 914
661 727
347 761
277 770
320 363
84 508
356 633
503 506
714 919
330 924
373 794
139 894
503 619
303 963
514 670
183 617
187 618
294 642
389 662
619 943
69 386
567 647
382 987
334 542
727 989
122 508
378 866
162 919
224 324
26 198
27 803
376 383
232 975
303 662
98 724
407 692
36 130
366 649
337 389
158 757
253 809
495 860
519 740
214 700
710 849
386 403
353 748
137 527
724 981
505 921
489 508
823 899
862 959
667 703
7 182
409 675
102 880
638 902
362 645
733 946
497 938
96 313
298 685
439 523
393 887
416 432
371 798
501 851
391 565
216 733
307 518
108 923
53 54
369 449
350 616
61 523
441 972
137 459
377 974
820 840
217 821
324 639
290 699
403 505
960 970
133 160
407 449
63 291
605 912
324 797
181 692
222 320
463 606
411 947
624 694
198 473
92 884
678 983
201 587
579 942
84 272
484 554
341 431
416 858
53 539
47 125
1 861
951 987
183 589
541 615
155 212
69 358
343 779
455 633
295 996
277 617
154 484
770 826
201 903
183 787
735 838
202 424
723 774
80 772
245 470
27 783
83 423
740 936
33 846
110 844
58 747
420 502
701 835
426 887
261 822
79 83
616 869
469 783
758 911
427 611
125 258
344 727
269 552
167 541
120 126
802 988
68 230
272 483
24 324
426 568
542 906
483 681
581 928
893 910
767 949
315 692
225 566
23 767
250 995
392 454
816 974
86 736
711 791
160 610
551 942
368 965
703 883
595 602
668 714
262 895
377 889
212 830
730 831
251 784
276 815
618 744
543 683
656 965
677 741
34 873
256 467
185 499
209 405
69 885
177 887
786 799
747 917
255 606
475 630
172 686
302 517
48 996
228 262
15 224
273 769
80 277
498 572
652 779
144 626
369 809
657 820
160 268
251 461
252 610
144 897
88 943
791 801
27 92
9 761
230 581
527 795
57 741
166 385
66 621
532 882
473 533
165 887
224 413
438 513
39 866
537 904
300 546
770 798
644 763
28 576
175 403
400 999
274 960
150 215
461 706
82 249
387 739
230 385
107 342
373 391
853 909
712 751
270 907
112 703
297 771
262 287
392 821
750 922
291 381
367 462
72 108
6 163
7 783
45 472
677 935
342 378
327 754
39 190
224 517
582 784
694 894
328 547
574 640
223 306
99 736
371 583
798 968
290 739
21 625
117 972
484 829
29 134
660 792
256 558
579 840
138 526
256 733
352 802
39 706
807 872
799 936
229 720
187 976
408 995
252 902
130 688
184 414
244 534
26 449
265 611
486 767
732 739
144 892
142 283
605 619
83 257
52 524
537 612
227 574
110 917
398 675
58 560
165 764
41 934
461 533
206 488
5 771
426 956
129 283
741 942
261 782
671 823
693 779
141 468
325 375
491 915
98 531
444 523
374 972
715 896
42 782
295 496
319 510
339 404
750 950
54 121
625 915
497 572
426 496
79 478
881 918
264 634
301 961
472 765
197 752
646 959
264 713
601 672
138 238
467 962
54 266
95 586
391 609
677 812
15 405
808 917
553 854
132 343
385 648
561 567
47 548
428 746
414 557
471 580
570 975
368 747
534 866
424 557
113 936
260 435
282 663
338 975
561 640
118 411
160 231
57 865
591 996
705 861
619 755
85 179
375 409
454 776
74 676
518 705
406 751
69 623
765 898
787 800
256 808
847 912
477 730
98 145
653 759
446 591
1 880
680 683
58 771
338 531
69 385
515 891
255 426
18 833
115 767
757 820
425 833
154 385
174 964
322 715
473 589
61 366
451 622
88 308
175 474
784 935
165 656
49 447
286 444
749 978
589 829
241 919
349 452
331 889
258 389
205 564
483 942
300 776
232 750
158 762
2 926
594 804
611 670
447 728
637 642
362 992
272 504
219 873
326 591
940 975
67 333
763 952
702 721
349 535
171 283
297 996
318 734
409 674
157 324
31 319
16 524
43 357
128 485
132 533
738 984
6 506
