1000 10000
643 931
96 536
155 589
484 919
391 581
29 44
368 696
384 701
385 660
316 696
152 649
794 888
708 902
69 912
303 418
75 259
111 449
246 296
13 585
330 735
69 690
456 777
188 320
773 881
334 857
208 541
100 539
28 296
412 655
13 188
69 468
19 535
147 586
193 280
675 908
567 746
239 853
157 962
504 866
585 927
412 941
213 582
608 616
788 868
295 884
136 567
374 763
378 758
306 379
788 971
365 796
832 927
649 767
616 870
67 634
283 553
33 830
771 812
331 869
278 876
482 651
417 456
127 759
440 919
393 551
599 633
358 393
180 985
767 807
111 835
479 687
893 909
231 746
15 521
395 494
254 857
466 953
529 669
534 750
332 786
500 616
525 937
475 826
690 891
307 613
234 591
151 684
5 150
226 623
657 751
213 339
583 617
80 232
25 665
69 884
547 572
696 994
751 836
330 608
790 956
134 612
7 750
178 556
195 598
804 840
640 761
324 882
329 680
271 277
744 829
485 769
70 753
53 461
916 973
312 713
723 745
133 421
156 970
583 941
13 847
89 409
566 645
198 341
203 417
524 605
778 957
191 704
857 924
30 838
52 698
640 950
2 403
312 551
402 473
114 975
443 783
65 305
451 776
222 889
399 921
166 608
447 941
512 842
451 550
88 492
16 121
295 745
50 792
162 702
935 985
215 423
396 707
291 495
729 775
629 998
208 462
99 807
157 411
366 787
447 502
217 545
129 875
530 697
307 720
72 331
220 579
294 510
600 929
837 988
15 432
327 642
626 865
170 203
703 999
480 879
189 637
225 940
81 284
7 556
730 899
363 694
570 808
75 378
78 579
686 898
420 518
55 849
262 533
216 291
252 673
363 468
74 641
109 232
274 447
493 841
97 736
114 702
113 237
61 901
35 822
753 989
164 402
442 796
92 940
18 971
292 318
218 531
348 582
75 134
848 902
36 724
762 980
451 855
369 566
443 811
597 902
774 904
611 822
204 704
44 621
210 645
597 887
641 965
839 990
805 858
165 763
684 925
460 937
440 881
149 855
519 621
44 403
337 415
282 296
125 344
521 921
426 735
101 479
83 188
157 605
824 838
58 386
2 810
168 606
157 462
84 594
413 868
146 865
272 556
590 860
76 738
133 613
261 432
153 351
565 610
655 736
458 942
293 879
404 456
393 857
780 931
105 199
124 357
472 766
86 702
73 545
574 579
612 658
489 689
825 943
328 753
458 640
439 711
138 894
229 831
547 662
177 988
273 541
290 661
657 695
233 581
677 700
363 658
40 719
243 540
173 909
209 476
169 894
669 953
467 513
604 658
661 725
282 950
145 150
151 152
66 944
456 972
207 353
209 920
89 322
87 987
239 816
60 69
614 740
35 385
277 452
425 721
66 709
116 323
278 982
371 390
461 568
5 870
232 832
512 818
126 188
400 800
720 949
59 229
118 512
67 558
196 330
144 293
720 836
37 550
131 545
421 839
488 904
171 653
23 612
7 35
45 236
138 478
50 514
383 922
202 985
228 857
271 719
220 741
599 811
410 829
362 530
368 987
349 824
43 245
405 518
214 382
397 950
215 915
492 628
327 693
147 179
220 523
132 421
81 459
781 784
397 519
20 274
223 373
354 484
125 627
894 942
574 808
351 465
722 743
389 820
156 193
360 956
490 887
587 687
215 614
574 955
739 888
795 954
66 242
138 711
88 806
322 360
36 526
99 102
134 667
415 618
192 947
818 859
356 750
32 812
69 467
36 748
438 648
745 934
579 718
9 556
389 648
97 891
139 634
49 760
1 637
130 411
336 876
98 263
482 934
68 435
527 596
126 329
112 439
295 708
153 219
260 665
163 430
149 911
370 534
478 725
11 866
103 248
569 844
824 911
306 602
261 726
336 537
315 488
174 413
103 329
291 323
152 187
67 296
214 585
823 993
129 157
578 932
358 744
68 902
125 211
937 963
509 741
21 377
266 368
682 952
475 682
437 489
243 438
240 400
195 712
364 817
290 588
648 838
223 254
596 644
191 412
526 875
431 493
660 757
540 835
566 747
91 649
860 972
237 351
468 981
360 694
473 889
257 676
255 271
459 826
192 927
264 316
283 456
30 839
680 868
201 839
883 927
580 965
692 971
268 499
412 515
239 872
633 821
1 601
245 424
286 618
148 527
75 729
594 971
520 954
130 238
176 880
33 985
529 828
178 290
54 881
73 456
598 838
125 292
141 575
434 523
474 748
70 495
612 778
611 729
478 832
50 635
234 236
34 340
146 890
306 721
127 635
189 952
51 907
103 450
529 751
12 387
254 890
190 450
542 887
592 756
388 993
760 842
262 974
694 973
402 709
204 377
186 732
367 799
752 889
255 798
517 989
630 894
7 559
601 612
66 489
302 837
124 151
397 591
125 586
553 905
220 866
574 785
100 152
209 503
48 563
104 219
605 933
70 560
167 314
170 490
372 980
85 157
359 530
514 919
78 866
192 733
744 794
652 809
190 888
687 688
27 284
108 417
326 360
277 860
9 650
947 972
322 451
342 518
142 366
507 581
438 705
22 896
156 862
343 860
588 889
495 641
541 557
726 747
106 928
378 845
287 373
438 995
478 480
575 978
300 512
62 739
563 954
822 901
623 966
36 105
220 222
202 369
537 644
149 854
810 880
326 982
186 205
612 863
79 186
172 488
121 496
144 329
54 972
418 936
702 936
390 450
12 464
110 471
202 930
500 643
497 899
850 905
690 990
102 730
289 927
509 828
419 524
122 643
711 729
87 195
696 718
548 599
475 869
441 949
742 997
402 952
65 914
264 809
468 585
285 877
323 454
363 661
790 906
475 515
696 923
80 320
464 687
86 234
360 976
52 942
216 256
296 376
528 835
237 295
688 877
84 366
675 773
286 998
92 945
184 444
117 482
135 647
45 517
409 473
84 221
9 567
50 413
308 997
849 923
459 595
79 858
170 514
726 759
340 438
2 203
594 625
866 906
403 888
496 732
26 197
334 652
107 498
533 754
166 681
5 869
463 473
563 775
435 696
457 848
426 801
563 692
430 893
215 505
641 706
93 989
21 160
115 829
483 801
249 583
361 413
219 875
457 946
115 170
298 630
393 666
254 803
24 410
372 426
245 932
172 242
56 555
300 334
673 940
621 942
293 915
332 895
372 584
436 941
328 750
756 758
868 1000
121 953
431 746
233 663
364 703
552 797
150 938
123 160
12 911
367 565
756 916
632 666
9 919
104 275
476 807
187 828
47 792
113 180
22 622
188 322
195 922
217 246
382 536
244 729
575 679
308 586
294 685
778 790
653 874
641 866
92 516
46 173
14 655
112 345
279 313
892 894
141 312
128 633
679 824
801 938
235 306
309 551
73 467
22 500
483 972
373 416
291 501
497 664
797 931
230 250
819 939
183 208
646 712
336 681
11 67
506 777
470 932
146 934
572 672
224 798
315 713
427 915
12 623
231 629
384 974
863 981
76 265
48 298
366 454
8 648
621 692
267 665
837 887
424 600
354 393
228 434
414 619
354 376
464 728
265 281
159 957
700 939
437 571
51 185
255 697
91 648
181 518
437 940
60 441
585 718
549 875
331 374
79 764
45 572
100 569
142 258
217 323
537 796
627 776
197 274
164 173
701 898
204 734
131 956
351 537
460 816
170 986
563 929
126 283
93 242
11 675
598 613
413 715
374 709
230 309
508 719
533 554
110 879
483 923
27 669
28 754
935 987
3 404
335 843
802 908
824 940
469 913
55 88
97 322
297 768
375 703
470 593
54 912
366 934
63 962
160 675
158 978
162 497
309 334
348 484
422 551
132 713
264 577
409 664
216 890
457 676
100 468
742 879
600 820
357 451
358 612
12 738
55 540
648 694
630 972
85 457
142 640
424 933
868 928
191 221
69 965
604 618
77 806
281 993
708 984
843 883
220 786
26 699
302 548
352 805
593 665
60 494
170 378
186 785
249 419
443 591
406 689
748 850
341 356
359 755
736 778
348 576
304 742
451 857
123 660
602 699
235 958
162 796
292 399
334 518
106 929
236 284
205 811
283 757
230 326
374 694
257 978
774 793
135 977
232 870
110 779
6 582
278 955
121 262
230 416
70 441
149 966
331 815
427 684
33 597
430 977
607 755
77 420
441 504
244 491
376 803
49 195
603 676
180 915
343 481
73 709
129 171
572 761
332 630
480 705
120 296
375 560
341 640
34 232
57 313
20 939
43 378
208 315
592 721
919 926
828 945
85 636
506 547
124 470
342 389
259 947
314 426
388 853
691 852
543 735
696 702
660 985
924 982
433 981
678 717
351 511
686 924
375 485
513 570
130 990
420 548
352 850
169 892
174 527
691 739
195 528
640 675
155 430
30 994
108 390
778 992
247 973
377 483
566 835
326 484
835 894
106 626
162 800
126 625
89 320
239 818
292 419
24 769
365 531
79 805
460 745
503 645
527 973
89 753
309 800
148 738
331 540
558 813
212 233
451 595
508 640
16 52
875 1000
303 515
474 899
92 502
275 846
296 723
137 849
136 892
118 518
400 689
206 229
353 887
194 693
91 295
457 945
167 714
119 717
102 997
157 464
121 636
710 740
395 455
206 903
432 832
287 706
404 494
133 744
439 519
150 734
635 640
65 674
358 605
345 594
162 168
55 727
699 883
9 299
318 319
176 468
530 767
547 807
682 962
39 67
367 854
25 529
172 928
691 944
85 385
837 914
638 759
513 868
371 512
480 809
156 172
38 136
216 366
308 390
5 482
133 317
799 988
126 800
256 664
847 960
113 171
192 774
248 686
891 900
70 795
329 403
164 468
477 827
614 932
325 871
571 883
389 758
304 686
374 476
47 494
322 699
640 860
109 609
58 917
221 423
537 944
53 825
239 854
67 833
49 766
784 887
16 385
72 553
399 902
770 822
149 683
404 616
210 843
524 873
193 575
236 763
109 643
148 629
218 922
206 295
118 755
282 511
92 474
720 915
129 320
684 758
430 926
370 615
97 293
594 775
64 554
48 239
339 480
712 838
395 402
214 732
550 782
435 949
565 567
162 490
341 696
711 898
529 658
530 961
146 566
25 979
431 939
217 635
15 296
24 149
59 572
209 239
134 174
82 631
690 886
517 999
298 943
116 682
82 518
377 607
713 777
40 649
19 120
511 556
94 476
242 339
407 481
303 304
514 945
713 922
381 892
860 863
313 516
80 265
338 805
562 901
268 568
433 767
571 945
92 852
41 498
204 874
540 972
133 418
118 224
156 965
356 573
69 548
748 879
35 748
70 775
199 929
4 145
44 870
83 760
504 931
545 915
356 652
378 964
433 473
144 788
143 622
718 802
120 627
446 917
221 395
248 279
265 805
197 418
434 852
328 431
206 400
425 559
301 388
50 132
839 900
658 967
469 702
112 469
22 38
300 828
858 882
213 697
457 879
40 257
353 846
249 653
97 321
520 666
387 901
63 636
154 952
10 328
157 487
457 585
775 979
859 866
234 381
113 580
241 527
257 290
42 584
210 258
397 794
306 817
509 790
517 569
104 912
466 555
124 435
638 813
306 896
785 933
147 380
739 758
561 958
233 733
346 996
592 788
111 292
310 587
134 293
583 590
358 839
52 182
808 844
18 258
610 744
471 700
61 672
373 638
63 278
798 863
531 960
90 400
159 771
347 611
556 661
463 621
29 307
13 910
489 790
330 786
186 798
406 711
42 174
173 840
80 501
174 611
543 830
344 394
736 924
271 411
130 541
113 371
477 754
207 537
243 976
43 520
26 602
304 776
350 499
44 842
153 597
745 979
136 261
61 100
321 799
127 231
277 572
350 386
136 660
304 630
196 556
17 151
218 816
59 365
41 938
153 224
120 877
706 908
301 488
84 776
193 743
692 719
396 444
88 459
257 834
130 240
295 654
628 717
645 831
245 315
366 609
447 672
174 360
71 800
957 991
228 977
555 568
612 959
439 909
206 936
228 928
410 693
160 704
521 713
828 963
501 969
197 764
54 159
38 560
510 589
422 723
668 671
377 836
475 871
789 841
99 691
78 384
428 599
660 986
328 579
761 927
315 847
360 820
582 899
531 879
217 845
18 358
402 969
368 751
310 710
540 743
228 331
105 512
485 612
161 278
803 835
804 828
757 764
574 898
60 540
216 258
731 741
273 973
660 687
476 716
493 810
744 888
397 420
36 612
787 804
181 637
100 611
305 589
256 987
403 924
408 882
425 820
631 874
173 590
49 576
305 734
325 787
662 754
442 529
73 219
680 973
18 716
109 525
240 836
222 820
628 690
554 573
336 786
754 932
318 785
909 926
162 741
110 663
715 979
182 224
291 475
258 304
10 433
449 887
49 238
15 561
152 209
354 959
194 596
529 693
430 716
309 389
681 882
65 673
281 412
599 804
176 326
142 607
95 517
42 659
25 615
66 269
47 742
764 852
87 225
215 940
552 880
385 639
402 922
155 766
82 946
449 477
30 658
414 525
734 902
471 612
627 754
902 998
722 738
523 543
281 984
85 226
359 967
126 982
19 204
122 857
35 866
126 801
52 908
536 977
359 677
468 956
916 932
386 891
95 255
321 854
195 813
584 844
558 620
355 467
88 246
519 771
227 749
770 823
218 1000
166 632
633 911
486 997
163 450
187 472
577 720
151 381
279 424
230 414
379 944
529 853
400 783
184 918
115 874
227 856
671 779
775 857
262 308
10 341
599 629
46 367
323 806
417 445
148 315
497 623
295 436
663 740
315 346
422 942
318 623
466 802
103 475
175 830
324 388
12 410
163 798
664 793
612 631
480 650
431 965
112 965
186 340
171 392
190 436
324 698
785 952
76 267
665 738
168 966
43 210
651 787
372 686
673 831
747 874
255 871
368 585
829 948
595 718
635 909
651 864
502 644
323 499
656 826
660 914
134 457
172 532
7 597
52 66
472 838
53 311
77 657
132 186
553 588
481 633
299 552
360 554
70 757
416 780
145 194
53 457
471 878
146 157
311 757
235 694
49 942
714 936
348 638
49 575
35 636
325 858
311 411
482 871
299 871
231 352
469 603
58 950
46 207
658 949
219 745
291 804
737 852
334 714
226 467
283 664
68 402
550 766
693 818
70 339
550 585
129 419
314 993
295 634
62 951
176 962
140 869
70 482
559 602
103 366
457 584
223 869
319 342
250 913
487 924
458 950
6 164
180 735
777 907
208 224
101 123
211 919
391 747
219 480
73 922
354 585
479 818
484 964
29 127
552 840
110 122
651 652
281 886
502 736
88 596
656 806
233 621
199 320
114 472
80 200
8 309
173 933
838 921
198 632
587 667
77 693
195 566
489 789
308 383
365 378
8 19
356 579
122 145
481 758
65 503
304 777
545 973
69 519
503 562
398 906
134 896
680 978
164 195
199 682
277 428
222 857
317 955
193 629
602 987
128 692
460 933
176 640
943 968
33 777
412 768
254 473
805 983
183 967
116 410
758 857
337 403
667 794
387 706
452 996
182 261
720 860
314 901
470 512
55 446
702 943
295 495
719 983
229 359
375 669
672 850
92 161
241 601
278 522
444 870
194 625
51 1000
488 846
231 558
203 741
3 801
25 793
320 903
264 639
135 292
33 294
915 960
699 873
595 936
445 529
281 560
544 918
82 685
411 542
506 656
488 507
324 513
838 874
252 483
790 905
111 424
648 946
556 747
20 489
95 855
7 669
184 242
77 601
80 323
133 199
652 889
389 877
344 504
126 778
346 650
169 243
423 514
83 597
338 746
209 754
18 920
669 727
50 265
566 833
143 560
610 817
350 492
265 898
692 799
641 795
144 861
112 161
44 702
135 529
399 940
53 852
202 446
157 874
451 597
662 989
455 945
520 998
461 564
611 935
62 877
283 576
124 850
602 814
13 343
400 804
555 1000
664 753
365 964
594 910
165 620
24 592
37 593
483 981
83 239
693 874
603 996
421 835
6 947
375 752
104 557
72 203
720 727
516 656
188 545
617 849
63 951
231 765
733 795
272 524
719 856
867 973
577 823
160 749
711 920
147 473
480 606
634 819
393 889
859 986
20 56
167 955
663 790
211 847
255 834
381 387
223 480
226 567
43 919
206 577
152 654
561 598
651 724
378 490
359 881
74 995
40 687
807 969
717 843
613 778
100 851
618 912
209 589
122 870
800 1000
514 858
143 374
346 622
22 621
408 945
278 475
333 932
338 718
136 480
460 474
80 446
588 990
471 826
311 513
75 245
188 460
423 695
613 637
282 825
140 431
218 727
203 265
113 395
745 938
641 871
567 737
455 631
75 979
338 387
213 577
219 652
697 780
184 697
117 229
616 732
136 572
49 333
128 636
205 578
352 410
575 868
117 150
317 596
430 813
370 530
758 897
82 158
283 989
505 605
70 391
555 869
353 657
335 993
598 937
16 847
309 710
291 327
220 423
719 911
189 912
6 814
281 349
767 947
271 702
90 838
73 620
113 559
348 434
168 824
760 818
119 497
487 857
78 334
318 473
302 962
66 366
122 710
67 219
290 358
436 908
458 708
169 527
371 625
262 768
234 731
155 733
377 605
138 901
216 477
358 808
713 783
308 501
695 747
42 57
385 868
74 662
41 359
494 587
8 120
263 908
235 681
429 521
274 374
312 701
649 834
670 744
196 955
303 897
307 450
221 280
165 992
627 781
170 566
688 903
344 893
594 677
59 466
244 990
26 137
448 811
139 410
515 967
473 648
202 502
370 852
222 781
41 844
740 842
615 846
692 757
737 964
754 922
352 422
560 635
41 989
483 924
172 369
157 707
84 869
50 789
469 813
720 881
166 839
326 633
58 491
386 418
617 664
448 663
659 863
400 522
242 719
298 589
833 976
581 910
396 990
551 618
238 355
137 730
530 803
72 481
258 906
595 911
445 524
444 929
138 244
102 653
160 900
396 828
863 970
21 665
234 684
381 587
113 821
209 346
212 975
657 718
808 846
734 972
316 637
65 827
212 574
32 428
494 500
61 815
133 226
282 556
632 725
99 452
265 314
950 955
221 553
200 833
42 172
562 935
84 487
446 714
201 517
181 615
610 955
8 227
36 721
92 937
37 120
718 909
203 320
255 303
649 894
213 807
217 348
515 773
623 748
622 701
404 716
666 667
653 943
87 931
473 635
348 865
519 842
496 692
465 571
73 142
398 677
496 515
6 682
832 941
79 96
10 697
706 906
46 91
304 342
361 651
567 975
35 198
92 493
20 626
737 992
370 715
262 467
27 634
118 569
447 605
196 339
383 655
242 529
97 498
461 881
11 942
729 757
15 942
306 542
93 870
132 906
367 488
133 608
8 775
180 525
362 680
517 650
516 979
77 131
320 920
9 419
245 893
125 151
402 658
241 442
4 610
459 463
39 203
132 575
816 908
547 780
472 626
169 566
119 302
61 593
354 477
320 725
513 654
19 69
511 529
167 325
96 848
556 740
635 805
319 670
472 831
56 62
9 968
528 808
212 705
804 909
622 908
273 963
843 993
765 924
895 989
365 494
41 456
576 595
499 772
248 516
27 109
692 873
566 838
348 551
311 429
437 786
627 852
888 980
649 922
300 706
514 520
108 167
182 698
456 576
791 980
973 977
338 412
653 979
247 748
537 586
130 432
115 626
277 463
403 892
614 616
870 966
482 927
448 787
156 604
364 479
2 118
101 540
301 458
124 851
37 592
6 545
188 988
797 810
27 582
11 893
386 507
775 887
49 147
413 978
327 876
550 993
776 830
390 418
101 335
436 740
163 868
224 886
478 943
529 683
676 686
116 947
725 779
284 758
142 716
425 440
794 979
635 995
655 790
12 820
108 545
146 258
510 841
385 750
761 953
81 351
198 566
332 424
134 626
281 990
255 560
147 773
666 799
117 575
27 299
562 924
299 718
29 505
657 944
804 929
490 899
456 783
299 607
464 542
321 955
433 545
341 424
127 347
473 864
610 867
576 959
260 834
765 785
14 369
39 998
633 691
114 933
689 705
558 626
117 450
274 565
335 428
67 834
412 939
438 943
611 885
280 569
218 921
644 669
258 496
575 871
27 693
253 853
111 619
131 755
64 702
11 921
168 396
519 705
64 557
211 302
491 750
353 513
98 836
51 946
654 799
767 946
6 190
281 461
764 916
910 992
270 579
457 652
149 334
17 800
489 739
452 497
115 345
320 895
601 738
730 774
432 589
677 797
604 787
125 816
642 752
419 857
798 983
358 862
180 394
364 671
256 426
186 551
65 862
252 292
52 76
143 439
40 652
195 604
660 754
8 121
282 632
302 639
821 929
363 383
329 547
290 811
41 503
632 920
212 360
748 874
450 549
239 913
256 790
848 912
227 301
446 521
212 479
361 995
235 982
52 640
566 782
826 939
504 789
670 888
252 863
546 961
84 896
66 663
14 623
1 604
331 729
316 339
580 736
460 899
275 794
537 691
184 965
206 262
153 186
426 850
546 675
103 138
175 521
179 586
70 337
269 756
131 751
215 445
345 979
474 745
491 573
366 571
319 451
214 767
533 889
55 453
348 369
77 269
99 813
426 519
461 942
318 521
393 726
229 466
30 157
103 505
121 569
287 758
592 602
555 622
48 492
391 852
410 719
147 272
497 875
149 354
150 645
65 623
195 508
103 735
241 366
501 788
466 697
199 429
381 586
241 255
350 555
630 738
403 457
316 638
155 696
252 328
463 622
194 497
88 884
234 990
367 734
795 889
8 21
192 722
178 861
468 903
622 864
511 803
420 994
31 712
113 449
347 947
446 549
567 699
107 239
14 297
736 765
308 526
917 920
455 681
944 970
49 682
670 852
37 345
383 475
361 761
32 567
254 332
426 935
297 565
577 749
5 780
425 520
49 404
693 995
399 872
310 349
111 562
25 419
427 531
775 786
318 971
559 651
449 872
289 711
242 609
121 612
470 625
767 997
738 749
505 886
487 898
682 712
24 50
8 919
355 544
298 832
54 269
328 759
552 919
21 700
299 438
655 829
198 696
142 864
203 850
310 554
630 863
9 237
262 713
691 969
88 562
674 777
324 914
808 811
535 840
800 863
605 900
53 365
256 513
666 824
313 464
437 718
78 720
523 581
48 931
584 629
52 939
291 725
481 679
151 801
62 324
319 639
255 381
381 914
114 559
244 706
334 836
423 653
338 635
299 899
429 592
669 725
182 776
131 218
403 929
662 753
97 849
60 67
499 549
79 801
779 951
191 919
309 812
439 441
26 206
446 803
269 858
187 433
866 886
390 758
597 646
173 254
323 529
70 270
71 739
36 138
102 191
399 765
127 728
336 563
23 525
444 550
196 455
470 546
698 769
132 879
767 921
257 510
383 896
43 461
443 471
776 910
234 432
475 934
21 510
96 305
135 266
341 529
33 448
72 314
146 609
458 863
738 979
150 845
138 141
301 687
158 200
124 502
90 130
215 937
272 955
846 885
63 117
655 785
345 368
181 922
57 164
132 306
354 510
116 705
834 948
635 851
215 655
610 687
882 904
686 956
66 93
126 981
713 994
489 834
60 547
174 559
860 998
613 746
338 716
339 733
583 966
127 346
143 737
493 668
298 410
463 836
65 445
670 754
286 967
257 707
274 675
443 760
745 936
227 641
64 243
390 801
265 956
303 860
387 465
633 803
351 544
123 961
404 628
520 821
26 34
49 323
141 307
434 831
331 653
689 819
179 625
130 183
137 881
196 404
239 278
132 956
115 796
106 441
750 902
271 523
533 868
63 981
426 435
154 578
444 808
505 814
56 972
257 331
115 427
357 426
216 786
501 831
281 750
581 603
690 882
402 874
655 885
311 931
354 386
118 427
445 825
7 598
356 372
229 962
838 944
476 913
591 820
172 678
359 996
514 909
57 930
152 906
265 365
484 615
502 980
601 861
344 434
127 489
294 992
408 911
687 779
463 939
583 938
86 390
70 891
17 397
571 802
360 700
348 633
325 839
79 872
5 629
580 963
355 496
283 383
670 889
361 627
268 489
452 606
567 711
404 665
244 984
226 383
407 790
156 534
801 879
72 585
179 943
73 144
365 872
426 960
98 293
176 743
412 831
54 728
326 861
19 903
793 856
611 993
741 946
116 385
461 762
125 333
115 843
101 420
541 903
555 835
37 760
497 703
441 487
698 825
1 31
276 407
258 614
261 581
33 686
505 857
569 588
721 889
205 424
890 912
341 600
750 764
859 919
458 772
112 996
281 601
690 903
214 329
91 190
220 602
42 342
246 990
267 555
513 823
454 747
111 288
42 505
596 960
868 941
65 904
431 681
414 569
40 730
75 371
562 835
96 805
549 552
363 461
159 924
290 989
22 555
277 870
99 164
799 801
622 720
92 939
2 479
40 790
627 890
277 727
494 839
463 828
27 48
49 600
182 732
616 632
264 429
518 793
683 730
356 898
191 963
197 386
469 749
606 998
554 581
151 305
325 494
400 827
258 441
390 666
176 786
107 298
253 796
45 112
64 743
46 315
814 973
214 681
175 669
158 785
897 903
201 306
111 787
383 542
280 959
650 713
814 828
374 887
721 724
223 858
137 619
312 511
242 832
578 998
372 451
466 632
492 760
129 840
78 277
777 932
264 753
544 937
526 745
225 743
29 943
677 835
310 952
357 371
363 762
604 980
808 925
142 865
761 931
207 901
406 810
61 623
337 655
228 480
428 738
674 774
103 928
52 150
402 965
99 405
248 953
635 807
47 925
319 664
178 540
160 255
877 926
18 245
271 293
75 492
26 664
632 755
74 684
459 922
226 995
117 714
687 850
136 455
230 987
319 638
251 284
326 334
473 778
476 639
386 659
97 630
558 741
463 867
156 777
395 707
142 332
147 566
386 770
369 634
192 989
791 982
154 393
317 875
527 968
197 469
254 286
80 785
395 830
89 613
588 633
40 447
352 497
151 341
412 871
72 784
503 934
55 249
140 857
1 165
202 750
292 876
112 608
370 636
225 327
409 904
193 993
12 355
15 908
159 220
72 206
128 800
497 583
24 369
224 921
98 958
491 661
755 960
205 415
258 558
154 623
287 713
552 598
147 474
241 459
238 281
521 745
634 830
564 649
128 509
96 417
59 535
764 848
410 951
109 357
146 753
510 764
169 528
868 918
303 453
341 882
604 952
364 693
454 563
57 171
591 674
367 962
873 969
160 172
158 491
489 944
739 784
282 755
660 728
277 956
114 366
276 737
320 465
138 718
123 388
325 576
144 527
247 831
88 988
342 977
424 446
28 288
356 661
473 919
19 543
408 850
210 546
122 438
71 275
616 688
11 556
473 689
520 822
371 506
107 468
417 742
788 979
435 621
418 665
183 923
127 921
254 389
6 624
168 511
171 960
193 860
250 679
306 597
332 725
297 814
396 678
275 591
25 180
159 321
380 824
755 988
7 141
289 1000
663 966
360 451
324 678
287 562
186 707
629 733
82 624
691 866
401 528
290 357
54 458
467 883
303 473
820 821
124 138
311 930
700 835
118 424
209 396
138 896
468 655
51 481
547 548
877 981
933 963
347 538
173 974
467 593
51 270
108 293
18 61
290 950
222 293
27 265
394 840
382 687
471 874
347 824
722 996
322 502
53 582
37 65
537 885
403 619
160 372
35 608
662 719
75 867
147 622
173 402
359 427
88 214
130 455
24 894
3 111
44 641
230 348
322 779
953 967
309 867
74 184
153 783
245 433
62 857
67 945
110 881
165 592
23 854
241 855
365 905
149 940
706 839
317 742
15 855
362 913
590 729
301 818
603 606
867 953
281 318
300 494
45 301
34 222
55 372
918 946
225 617
104 774
621 991
609 707
112 997
149 352
29 970
393 950
233 823
525 854
34 787
256 281
241 253
169 616
846 946
556 876
468 572
582 920
146 328
114 468
80 204
191 296
433 828
181 834
91 972
717 784
352 844
477 555
584 603
52 977
117 757
652 800
356 591
398 876
238 623
356 734
840 943
359 745
507 602
499 986
117 279
359 382
162 790
255 441
244 910
558 936
541 550
641 940
434 994
52 533
370 996
459 573
670 997
361 767
213 518
178 415
92 377
496 518
455 862
192 446
853 967
763 841
380 531
469 974
182 281
76 820
77 461
315 440
802 938
340 605
366 981
335 986
250 846
716 891
590 932
487 956
99 984
668 869
34 85
772 987
534 686
777 939
742 781
673 778
777 820
225 855
501 758
247 278
394 460
233 700
677 723
270 347
132 344
333 713
405 716
657 687
105 634
582 900
189 266
88 675
234 929
769 938
60 537
96 962
556 630
152 596
155 311
127 467
143 286
736 974
21 894
26 520
852 924
247 858
86 348
346 569
221 699
518 585
207 504
692 884
394 915
165 980
264 507
265 902
567 665
95 420
61 244
505 506
268 434
162 941
31 972
165 822
240 889
222 825
395 817
503 816
469 640
679 781
3 308
41 905
301 455
157 791
89 917
241 910
261 873
31 115
125 372
89 774
101 507
724 872
447 707
802 974
399 620
8 855
6 838
478 771
101 332
563 603
305 383
833 925
542 807
101 221
358 708
383 787
171 419
154 671
410 773
128 510
167 951
81 434
513 973
203 995
94 712
39 121
61 513
685 711
66 441
642 666
82 943
146 400
384 549
179 360
363 519
790 792
131 397
464 642
74 705
38 108
368 494
61 965
320 321
339 735
247 830
88 989
131 171
692 840
89 309
83 339
196 978
287 421
571 742
205 796
408 706
26 177
274 579
168 194
24 914
171 805
97 236
61 393
117 225
98 287
304 386
395 861
503 788
366 704
594 991
166 716
365 932
684 748
317 705
141 531
749 830
54 796
332 726
45 183
101 287
546 636
154 942
802 978
340 917
375 720
348 360
376 865
323 954
31 373
186 494
99 899
315 718
372 405
233 969
103 551
271 811
772 780
335 688
237 898
113 700
155 947
233 747
626 882
642 719
369 411
169 627
320 737
337 837
66 413
543 669
213 346
808 854
114 433
423 787
354 384
264 1000
635 881
411 843
284 507
69 891
233 517
678 783
290 580
40 655
526 883
14 135
342 784
56 505
290 951
665 801
80 271
636 780
360 559
201 621
146 150
695 901
97 588
812 871
106 658
485 921
514 685
386 856
494 681
84 173
670 748
286 801
602 686
4 302
297 316
585 977
140 222
1 544
878 898
520 836
297 333
120 744
301 365
486 811
412 906
398 717
232 881
323 602
32 669
452 894
69 98
241 965
455 885
793 862
352 442
461 760
7 300
413 629
182 306
598 862
214 643
563 757
491 574
71 826
280 933
335 961
215 303
271 617
76 759
650 674
116 208
210 365
393 731
335 630
33 684
177 380
487 923
453 519
642 798
220 310
681 828
440 666
96 268
25 768
635 721
392 541
599 890
157 259
105 210
108 823
789 974
150 664
480 538
228 232
564 578
284 650
513 900
38 921
243 493
156 460
284 313
730 793
73 878
96 729
316 650
411 678
263 697
251 935
195 287
18 380
610 738
865 935
114 469
96 840
526 988
88 712
470 502
695 715
562 976
639 706
394 666
342 828
34 613
289 416
184 330
155 475
269 367
203 503
522 609
523 824
231 477
140 412
161 991
199 899
183 542
40 792
19 489
264 448
212 510
231 306
72 649
95 323
10 835
653 939
28 408
49 687
303 790
274 632
10 722
417 828
148 580
701 784
27 705
157 818
178 367
254 450
241 993
330 434
102 150
512 990
344 746
223 934
41 590
31 47
220 500
112 725
439 794
281 360
841 864
399 440
55 298
167 684
867 980
656 699
863 884
419 423
721 859
349 954
67 121
224 588
11 366
12 701
74 790
56 885
203 966
111 209
63 82
570 866
88 565
51 427
359 840
13 714
694 707
221 871
129 665
20 502
761 786
235 599
511 738
476 859
535 954
312 940
540 876
743 823
252 734
71 122
204 857
174 641
468 934
450 761
87 652
198 379
256 802
209 774
247 970
360 758
485 977
571 876
218 764
675 922
179 203
457 493
93 273
224 480
22 791
527 970
254 284
308 924
623 893
701 963
297 389
636 760
3 311
261 967
23 808
123 772
589 819
608 676
664 758
754 990
974 983
81 612
228 669
125 371
182 250
383 687
242 561
353 648
283 869
629 820
376 838
301 889
158 898
712 928
551 601
2 694
776 945
871 936
50 650
238 287
113 518
65 699
544 856
530 871
108 895
270 538
525 780
846 888
337 856
302 794
428 561
378 388
747 789
570 774
152 659
119 191
838 843
255 943
609 837
907 946
807 853
41 270
42 209
80 292
743 859
173 889
29 501
394 850
344 473
490 911
515 530
164 588
19 323
847 969
43 569
433 549
325 991
198 359
117 349
80 578
62 502
51 67
360 722
640 932
52 680
442 588
386 996
465 869
407 926
602 634
588 697
97 882
210 691
361 549
567 621
344 789
608 610
658 843
934 996
520 824
296 920
214 922
88 282
182 420
183 917
2 969
97 461
421 913
7 344
174 315
379 807
283 976
215 405
107 756
54 797
55 76
229 297
49 179
569 964
141 611
237 718
971 1000
336 673
7 126
854 935
237 607
436 708
113 593
612 637
668 831
387 844
392 610
360 438
954 1000
497 835
225 700
673 832
138 221
341 562
180 368
56 958
57 491
42 369
314 506
224 628
655 886
604 926
109 472
113 925
366 441
803 944
700 972
627 724
259 686
82 803
247 255
543 946
269 505
437 515
596 764
583 790
490 995
916 983
4 9
636 892
585 758
486 639
584 799
53 580
476 545
120 523
192 1000
688 813
818 884
191 714
412 741
30 844
9 631
340 391
50 93
161 796
495 741
248 286
658 943
435 474
168 191
303 595
202 322
205 609
520 931
23 848
344 527
182 307
440 974
701 749
225 284
520 562
67 721
331 904
119 797
10 371
390 479
102 981
617 643
68 205
690 721
276 402
258 613
409 759
284 997
802 870
551 609
457 707
224 818
439 983
246 819
228 794
154 677
160 554
177 716
90 807
471 486
168 793
115 392
725 975
134 242
45 461
466 546
33 397
685 765
281 719
85 465
655 805
413 474
73 877
419 889
4 681
260 307
484 849
656 796
402 988
21 902
151 571
117 977
136 240
337 561
695 714
312 913
151 936
108 267
489 799
566 605
248 894
636 785
347 774
222 406
403 536
425 944
464 986
288 360
92 934
183 537
809 986
38 260
131 226
334 927
291 1000
199 787
387 413
80 665
52 535
745 758
122 351
411 432
309 837
577 737
245 403
417 684
440 891
827 889
205 517
82 208
357 986
70 433
144 307
185 553
150 377
235 387
940 990
101 342
780 887
710 752
36 455
354 914
64 920
449 910
785 856
401 803
552 637
82 276
466 631
345 638
203 616
538 547
760 879
206 845
246 910
601 685
159 569
509 676
578 647
190 193
471 744
128 306
347 422
151 750
406 809
122 618
213 273
289 353
471 601
368 742
4 796
761 785
27 469
9 98
281 965
639 784
144 663
161 303
678 852
695 814
209 603
265 345
179 447
342 857
293 395
131 288
259 375
441 632
170 326
155 422
89 430
570 679
23 359
463 876
585 654
412 702
51 102
17 74
182 703
93 272
457 492
130 282
207 280
62 565
305 800
268 428
219 678
112 310
670 967
395 819
537 766
662 983
793 868
279 413
101 519
505 730
162 653
483 987
196 444
286 314
608 788
239 510
516 527
168 405
148 447
383 686
16 857
309 748
241 750
370 458
940 962
401 894
642 852
110 504
521 669
258 557
172 235
392 583
289 961
116 952
190 387
194 990
345 602
350 709
424 839
502 512
86 835
270 394
90 142
327 687
73 852
592 836
76 365
583 638
207 922
445 785
686 849
119 190
30 661
307 816
19 100
238 856
111 458
882 900
77 742
117 570
243 883
212 738
194 309
48 835
322 382
821 840
515 533
570 712
131 284
23 282
657 836
144 913
456 899
386 882
41 47
60 285
22 982
683 1000
62 503
65 433
353 382
395 625
527 952
593 788
788 879
623 912
727 874
233 482
35 308
788 990
1 484
55 169
166 706
282 455
103 157
306 449
70 366
474 623
274 867
684 750
278 891
227 833
603 966
289 530
841 989
783 998
150 289
357 867
107 644
578 779
767 953
6 179
25 810
172 207
405 846
175 948
327 621
272 765
168 830
152 419
573 833
472 640
513 958
453 835
367 781
258 851
234 690
128 331
220 993
384 741
77 936
4 694
5 155
595 727
366 463
194 196
790 984
42 400
846 964
502 782
484 781
293 353
898 901
21 978
851 927
433 870
821 827
441 583
562 957
669 887
118 329
91 643
683 839
558 689
278 505
498 643
178 773
69 556
32 211
239 924
130 672
653 820
503 551
187 686
331 510
204 576
50 90
361 631
109 573
130 450
558 770
45 725
179 947
680 908
443 998
297 476
214 935
361 657
801 988
72 988
12 113
254 420
438 831
3 270
261 798
73 502
145 545
185 524
280 824
541 899
909 991
180 785
453 483
201 282
295 448
483 864
724 930
193 942
340 939
380 744
362 815
254 785
607 791
560 814
31 363
241 519
862 867
275 733
439 982
371 900
154 674
176 182
267 833
141 872
309 454
94 868
220 679
497 878
262 964
263 405
565 821
432 927
16 734
582 780
656 910
180 452
842 937
642 721
369 389
425 507
65 908
172 608
621 655
215 706
185 283
310 754
502 874
511 712
627 691
152 635
549 724
52 988
489 798
969 976
459 720
499 991
170 645
580 924
545 951
286 771
451 832
452 559
481 489
232 945
197 509
287 383
101 657
157 927
452 717
269 817
92 372
588 593
202 276
644 707
218 939
524 809
597 749
304 332
396 436
349 500
408 474
101 627
728 739
68 268
505 686
345 897
162 729
71 651
495 847
645 840
131 718
667 896
7 419
172 482
98 551
783 990
434 549
629 862
560 891
45 253
279 719
73 716
96 187
67 490
768 775
270 653
427 978
357 413
271 877
699 878
25 915
600 793
530 656
626 809
271 914
552 924
630 801
169 568
601 733
432 522
215 881
694 854
78 571
171 247
68 629
894 953
215 742
55 793
540 767
337 540
467 669
372 899
213 385
570 578
386 589
155 264
485 765
325 616
660 695
200 867
593 764
494 517
212 318
322 394
285 566
88 964
142 161
456 872
74 315
18 915
166 283
313 693
477 814
356 765
628 885
221 297
390 830
139 762
174 865
430 463
201 773
109 628
537 931
321 620
303 820
503 668
452 658
740 953
326 782
81 713
153 196
26 122
117 187
158 599
720 928
353 797
746 860
512 956
434 630
54 823
625 841
497 746
132 965
21 182
404 802
79 352
22 337
836 877
250 766
90 587
492 939
148 303
392 761
335 955
780 788
443 490
45 370
300 433
46 565
711 913
181 338
237 522
94 941
354 806
466 600
51 890
267 905
690 918
258 844
354 665
99 582
205 253
483 487
302 937
552 888
369 508
544 568
155 601
123 205
270 314
441 840
189 442
428 706
329 815
627 762
15 147
18 213
249 497
377 676
252 764
347 720
97 549
259 338
903 933
26 619
373 848
100 952
47 147
123 742
503 578
628 841
493 552
331 469
482 859
641 888
344 872
723 932
227 533
156 527
343 911
126 485
418 546
495 560
131 987
295 872
70 220
19 878
370 698
187 464
645 750
606 845
81 582
278 888
7 346
497 662
611 678
318 900
140 712
775 998
25 184
306 691
755 928
612 639
578 955
11 202
569 676
34 41
306 770
383 816
292 753
59 710
479 945
281 576
270 500
90 240
55 562
59 567
371 713
752 840
437 510
81 300
63 404
242 249
26 826
540 688
151 529
226 722
372 852
385 716
543 559
164 652
695 736
133 247
639 811
143 290
665 806
298 345
652 824
302 385
393 427
485 821
269 328
514 825
248 723
687 790
174 703
322 498
360 673
30 803
182 858
365 432
188 495
390 887
373 933
145 484
39 896
541 606
88 218
417 932
288 556
268 486
58 958
616 656
23 253
580 750
317 512
11 733
128 607
129 266
202 320
438 828
426 860
120 969
214 791
345 932
16 132
288 889
404 875
611 629
318 977
634 702
872 947
177 407
824 950
70 474
720 775
457 999
386 445
611 706
577 982
262 264
559 610
174 452
128 236
82 415
300 490
711 968
530 907
401 837
309 340
203 753
77 152
224 820
245 866
238 469
349 964
703 821
480 541
133 791
336 429
414 768
825 927
169 707
115 315
61 582
5 254
595 754
47 900
18 138
277 911
424 717
442 974
464 702
377 755
437 613
126 865
142 202
308 758
146 249
256 857
265 541
88 920
285 706
514 652
30 799
151 249
689 690
778 837
174 842
451 835
313 890
95 332
351 982
944 960
283 350
653 936
268 394
287 382
288 584
2 250
518 786
369 691
35 382
112 411
37 468
512 802
487 500
387 714
343 661
606 773
572 941
612 834
297 729
72 215
245 548
64 619
90 999
56 683
71 936
129 161
367 497
79 429
542 975
188 644
186 421
372 456
357 412
638 999
416 418
217 521
8 620
337 992
341 1000
68 848
34 960
200 424
327 709
224 574
172 950
781 992
281 681
410 975
677 735
273 521
734 768
346 961
682 871
368 649
164 998
34 674
364 733
181 817
55 792
384 605
522 863
562 864
639 786
285 787
556 626
78 730
549 759
127 479
296 355
338 738
84 258
160 466
92 789
312 653
36 764
757 918
350 468
352 569
425 803
300 697
770 953
92 571
183 748
19 631
537 930
44 694
165 818
740 954
83 409
637 962
123 936
532 942
560 683
278 994
50 837
126 168
754 989
387 550
154 807
196 446
567 857
434 631
42 836
295 570
353 653
63 558
319 432
211 283
174 397
214 718
505 570
529 898
162 365
309 746
715 859
205 265
81 891
707 987
339 447
603 666
73 751
383 910
577 783
850 864
890 981
393 865
159 398
574 619
6 503
656 952
328 537
682 968
630 770
99 726
868 915
25 543
13 666
394 492
163 681
91 923
330 625
80 136
579 894
462 870
156 213
63 337
213 420
705 820
43 685
173 886
320 470
32 90
216 231
109 164
22 613
98 215
697 713
330 930
221 667
305 608
1 687
627 825
459 667
523 978
378 793
239 856
554 996
153 901
211 251
546 948
247 713
156 520
383 409
421 700
280 512
170 892
121 234
230 260
740 813
615 947
174 207
31 194
417 618
749 937
253 878
240 583
249 767
129 463
383 588
131 521
67 647
487 738
492 904
55 510
383 989
7 123
376 869
366 768
172 201
542 775
427 908
210 276
68 906
50 685
340 887
612 719
115 433
668 681
410 869
551 860
254 548
4 545
367 783
3 910
224 631
219 268
595 729
808 858
311 953
790 990
129 597
347 480
423 783
601 901
68 590
94 458
167 266
316 960
194 484
138 540
290 947
237 450
557 783
192 717
104 393
311 716
403 513
443 572
204 924
83 533
164 498
308 642
848 919
44 856
351 876
460 581
35 615
161 928
348 742
792 894
79 886
304 580
50 88
563 938
73 154
737 867
546 843
602 895
128 592
310 328
296 774
81 528
524 918
12 194
750 842
805 907
935 972
519 653
131 724
174 346
272 430
755 865
275 513
296 548
63 614
301 813
529 586
327 813
607 785
634 913
802 869
772 861
423 495
910 967
312 344
132 579
349 963
211 926
581 680
232 239
665 709
6 447
315 972
264 682
195 370
547 745
273 556
181 939
42 483
151 711
133 968
243 414
7 547
85 335
431 695
198 742
894 899
203 828
167 345
708 963
468 680
344 374
472 811
604 748
548 916
114 288
652 846
484 690
17 321
184 334
147 834
222 266
133 379
562 607
479 505
178 852
804 992
773 811
244 757
463 917
395 733
285 705
753 857
348 603
402 415
661 934
120 554
338 545
325 805
770 978
623 756
149 535
314 598
350 392
117 387
631 777
726 743
508 768
252 890
515 922
398 514
153 893
745 763
615 789
524 852
157 925
503 811
844 933
344 639
608 668
239 487
572 942
334 457
10 387
157 592
174 374
767 797
35 44
572 797
280 901
281 364
390 446
319 492
690 752
893 983
626 754
419 474
664 811
573 677
595 853
410 699
103 538
733 959
223 721
388 570
7 208
72 261
436 814
243 348
134 221
355 694
119 433
47 724
397 901
234 633
414 893
458 693
349 856
462 617
565 952
324 522
751 941
122 617
674 768
108 580
75 277
19 77
94 499
203 216
332 444
111 435
549 613
143 500
248 814
619 737
678 986
553 755
130 580
95 124
167 419
243 777
213 225
359 699
252 585
769 847
353 486
669 686
339 695
403 934
135 763
486 661
415 667
515 873
97 874
95 419
44 695
60 90
451 719
378 885
822 962
92 683
588 736
679 699
594 613
166 586
689 959
283 682
675 764
178 444
589 862
398 649
239 549
24 554
44 469
306 472
434 741
384 434
457 860
295 676
387 553
427 628
318 799
64 682
137 862
10 468
175 718
569 835
452 961
555 880
223 902
519 725
171 619
626 647
297 837
617 856
516 808
242 783
99 874
707 875
457 664
595 990
405 920
289 951
275 388
828 872
578 631
298 815
445 588
209 248
324 735
200 453
56 789
578 742
25 542
924 926
281 644
777 859
284 381
66 434
638 738
609 1000
122 909
359 872
40 664
540 733
78 644
173 996
380 436
489 843
35 876
605 786
52 918
330 848
259 340
152 804
139 826
35 765
507 936
291 583
329 408
773 867
305 615
549 972
221 267
248 407
839 887
460 768
64 121
11 546
211 250
305 833
14 667
770 781
382 881
331 565
496 756
408 630
465 635
27 796
376 426
139 454
286 635
322 848
71 559
310 365
650 966
25 499
491 952
366 692
645 893
211 329
512 922
125 275
698 957
435 785
763 997
28 896
533 877
607 828
383 988
560 773
23 671
81 870
393 674
12 396
15 543
57 269
312 462
292 620
370 380
116 872
65 746
72 462
551 974
609 697
419 611
129 793
8 598
815 949
264 544
64 882
246 858
15 317
271 935
39 139
9 332
411 544
67 194
18 386
219 271
453 977
4 689
479 849
834 864
262 761
88 578
19 20
20 315
424 580
574 870
630 670
226 720
83 841
534 949
63 487
29 179
548 881
705 870
632 706
412 428
108 291
165 292
170 394
192 718
545 846
536 567
622 831
477 788
39 557
294 874
904 906
978 987
66 973
714 801
92 589
98 474
504 797
356 774
305 796
1 571
109 570
398 551
265 850
175 307
178 501
143 785
383 444
40 494
495 598
117 192
136 961
567 994
537 699
222 901
421 544
125 326
343 755
72 814
129 441
315 402
98 542
429 486
71 817
296 549
172 392
279 676
928 982
586 906
76 748
99 853
650 687
409 763
33 679
59 887
500 547
564 728
656 739
95 566
354 748
7 892
135 331
270 470
932 967
259 835
349 883
119 349
466 689
105 503
677 825
169 594
359 803
51 594
472 957
694 760
203 831
113 957
126 901
215 588
660 815
39 354
63 360
122 820
30 611
52 991
87 630
159 901
22 691
481 659
133 378
467 480
708 738
657 880
342 928
736 919
108 406
208 580
282 983
212 404
624 892
127 283
58 894
826 996
302 381
175 241
325 804
45 677
770 834
934 977
314 710
520 869
114 884
170 930
106 804
361 737
254 372
491 866
182 497
224 295
296 852
192 261
249 852
488 764
31 244
250 519
505 706
625 721
111 570
741 991
82 204
158 649
505 691
253 789
162 327
235 391
144 326
382 506
845 962
755 892
6 860
7 45
395 471
768 875
201 388
20 968
607 884
521 869
547 985
362 657
716 960
419 426
685 827
245 836
432 815
290 453
185 233
114 129
811 877
868 874
777 941
561 838
581 651
102 678
105 322
185 459
8 332
66 478
47 565
502 730
511 536
539 645
562 798
122 985
484 704
433 850
217 971
234 939
643 739
161 291
610 626
290 905
21 791
333 549
411 935
490 916
821 880
189 230
190 769
726 951
319 615
104 450
260 855
151 174
361 786
140 445
52 721
515 731
184 585
455 756
442 693
408 893
61 157
188 401
89 332
70 981
770 951
218 872
83 298
344 830
254 257
201 923
74 107
311 330
679 698
206 420
173 357
47 316
162 534
608 714
199 529
365 809
650 803
693 975
106 171
213 661
417 588
254 483
292 772
221 234
810 857
318 796
483 991
407 565
11 884
710 822
732 794
89 776
310 416
495 876
24 713
426 677
171 618
763 984
8 861
759 864
64 585
599 731
715 810
292 585
152 220
244 322
234 440
314 368
43 338
100 257
375 921
176 369
86 724
531 585
578 628
11 385
160 965
233 753
34 994
163 730
60 870
4 734
481 799
264 867
462 586
281 651
484 902
138 772
677 753
364 684
643 801
885 906
502 806
104 241
377 591
215 647
609 856
510 961
332 417
260 390
299 680
803 872
442 900
576 746
83 906
429 650
748 1000
182 962
204 890
207 565
80 424
709 979
891 912
329 415
57 616
190 652
528 555
265 603
964 979
93 479
883 913
826 924
348 540
244 605
709 757
356 867
193 489
378 807
287 419
442 568
4 455
351 552
83 454
528 713
322 830
239 715
701 994
465 634
486 912
13 480
162 570
417 767
185 651
611 973
171 936
351 718
135 781
2 962
672 950
73 431
797 950
228 525
85 900
124 622
569 975
272 467
112 786
205 299
189 934
79 502
379 536
82 329
251 706
432 792
711 886
234 412
2 518
116 920
355 608
233 860
52 384
33 484
638 829
217 583
55 527
258 815
375 786
51 712
551 815
510 771
794 828
262 766
530 614
108 638
198 760
454 534
364 656
130 888
17 569
20 452
96 674
78 630
209 389
584 727
125 553
19 132
256 594
807 999
313 423
423 926
83 825
247 250
817 855
91 534
385 995
248 871
688 708
235 675
274 477
494 704
248 726
891 956
69 552
657 804
511 903
173 634
619 982
415 717
23 24
390 773
541 603
286 698
50 86
253 701
568 743
913 988
465 981
102 386
328 475
112 370
165 712
439 505
44 527
317 541
675 695
732 956
537 698
184 974
330 408
496 608
278 936
210 946
232 646
193 640
50 779
270 1000
343 754
380 518
222 533
172 506
137 917
712 799
250 706
306 624
132 920
174 459
124 626
819 914
862 980
387 798
64 945
55 333
58 211
497 913
63 838
279 901
559 845
177 711
586 621
72 491
253 436
368 898
42 719
547 794
324 641
825 924
648 675
665 715
46 850
211 785
143 252
509 524
38 994
167 202
243 608
63 437
191 192
130 860
221 797
610 764
424 545
77 729
137 156
53 272
648 784
556 649
669 934
228 298
178 963
938 985
42 146
122 164
87 742
145 155
200 986
100 627
190 757
212 405
377 466
123 306
285 735
566 880
995 998
260 771
736 758
183 645
628 908
321 644
294 625
27 854
247 691
641 982
54 525
143 884
866 875
503 986
36 159
590 610
366 621
29 611
158 793
250 742
287 959
201 314
112 715
538 923
889 901
393 616
121 627
36 460
901 960
152 193
354 943
500 657
393 761
863 882
629 636
78 242
811 876
242 971
51 659
582 733
472 636
405 612
134 354
565 902
643 964
113 975
424 910
132 327
5 223
405 725
544 655
82 962
178 645
285 895
90 457
18 346
330 600
882 925
221 865
69 829
929 948
415 833
660 716
420 553
169 879
276 725
207 675
27 345
155 268
411 934
605 780
127 472
181 720
131 295
669 827
105 814
35 707
507 910
237 281
184 475
238 530
757 994
95 143
740 752
669 684
285 675
307 407
221 293
19 523
477 859
614 772
351 934
452 527
145 417
571 723
614 663
227 765
361 563
343 999
474 882
435 488
311 325
165 831
460 877
176 712
602 898
269 849
308 777
737 937
40 423
168 380
667 834
597 653
177 242
196 298
567 805
35 236
179 540
326 925
136 873
447 635
33 915
331 966
560 908
176 901
379 654
529 903
603 622
362 976
289 762
326 703
776 808
814 864
390 408
105 114
305 368
419 504
440 745
439 997
171 267
153 260
194 936
30 194
450 478
233 982
257 358
132 630
651 914
266 508
307 744
108 885
648 748
186 311
629 705
828 874
388 943
410 959
328 540
419 679
39 118
544 572
88 616
13 663
68 710
20 289
114 388
5 51
798 880
960 987
189 295
407 464
117 916
427 510
686 965
804 836
911 928
613 640
113 166
134 650
675 862
748 888
32 204
161 552
848 942
504 916
714 779
956 988
338 487
356 876
343 794
731 872
779 970
961 995
28 478
528 714
253 521
254 290
168 201
774 835
575 792
451 570
55 164
594 982
153 164
317 617
102 193
296 700
353 829
905 966
357 797
706 891
658 758
440 935
386 469
336 520
393 599
104 628
103 463
15 537
976 983
538 834
833 882
48 506
431 969
175 947
362 726
57 380
190 416
82 729
135 353
228 243
604 886
401 639
57 493
203 567
39 133
349 877
100 437
212 847
525 810
384 762
479 851
337 702
428 531
88 580
708 859
233 637
161 392
696 771
808 861
682 826
233 526
74 522
695 764
35 957
548 962
848 876
139 971
212 259
468 885
195 983
869 923
49 986
191 611
52 795
53 590
274 365
661 911
114 620
84 180
619 969
162 778
365 573
779 921
264 442
446 902
17 166
36 902
218 801
770 892
161 790
40 65
187 274
411 426
364 394
143 787
3 228
727 773
447 989
805 807
483 905
580 633
50 776
824 971
272 274
1 372
275 917
3 386
318 981
559 761
174 345
712 768
487 690
453 494
71 819
845 988
497 694
166 973
120 171
67 356
174 456
306 704
237 684
224 857
189 969
300 486
253 450
716 990
220 269
685 981
100 331
264 591
81 209
559 844
52 502
73 565
405 990
651 986
492 540
73 902
262 840
137 417
484 968
525 846
263 545
54 430
328 596
129 517
117 810
55 816
665 996
556 763
557 590
316 624
333 575
977 987
464 690
78 706
477 596
118 174
688 737
160 458
198 278
308 754
588 906
75 217
579 601
389 543
748 832
360 641
334 993
120 557
139 725
361 965
286 772
253 751
108 182
757 815
313 894
204 609
633 881
193 464
32 978
640 785
342 755
40 61
168 242
631 699
447 864
157 922
266 675
675 709
684 909
23 797
301 475
141 370
144 410
128 575
236 560
275 832
55 236
40 347
349 463
323 716
383 688
295 530
793 940
205 656
222 758
824 854
414 420
496 875
284 848
690 751
276 444
612 940
132 780
405 784
188 640
210 328
458 990
544 819
358 675
181 234
453 885
663 774
115 362
172 803
449 674
233 795
198 807
414 864
458 688
204 396
439 727
798 906
233 676
217 815
113 974
384 674
215 765
320 607
255 513
27 344
669 905
584 639
485 760
147 867
41 420
99 122
190 775
268 757
123 352
369 992
647 871
674 707
1 839
473 898
593 913
499 958
64 225
282 856
579 706
174 874
389 644
47 472
69 368
343 881
221 341
849 916
300 580
533 658
519 931
421 644
465 540
58 741
710 933
1 259
383 711
165 528
137 835
482 756
175 715
129 487
148 325
612 866
280 885
194 647
763 986
270 848
332 569
96 237
6 830
525 722
780 785
716 919
128 168
642 814
405 820
609 658
58 136
573 823
742 854
10 23
711 797
587 787
531 587
271 844
43 229
599 936
48 317
747 893
57 65
241 300
368 602
268 853
820 858
513 886
591 693
138 917
32 368
933 982
56 118
476 903
238 866
574 984
960 988
375 479
69 784
420 590
333 967
78 826
49 812
52 913
421 501
647 843
415 747
217 368
238 670
41 162
796 822
264 415
123 618
753 759
143 905
211 255
247 709
239 725
537 563
331 566
230 312
175 393
412 813
185 649
650 965
260 649
173 216
306 507
417 622
182 302
625 671
404 860
297 644
366 554
23 555
390 490
48 157
357 877
177 511
159 187
270 812
234 248
201 497
85 883
345 670
767 935
399 505
312 465
25 812
764 943
102 770
360 445
638 976
140 555
231 618
453 700
94 882
161 173
441 909
152 472
354 694
66 354
565 844
290 378
682 936
846 863
42 267
302 825
511 589
276 936
281 790
267 743
242 325
596 660
669 960
337 607
52 966
734 766
695 876
187 873
341 480
843 930
136 392
247 794
178 831
35 666
537 892
26 507
154 308
231 262
52 651
369 569
16 332
896 924
108 226
183 720
849 988
421 715
120 752
102 384
305 866
89 571
435 547
644 725
67 952
193 533
322 947
440 870
83 194
230 439
340 723
111 656
130 145
616 962
211 358
14 775
719 966
41 747
150 455
841 844
1 21
555 714
862 986
223 872
559 990
301 954
379 550
272 576
202 769
33 277
497 864
501 872
604 859
56 865
551 892
256 355
219 511
739 740
95 576
115 318
479 801
980 982
418 459
517 973
95 721
501 650
122 593
252 492
234 803
604 633
384 630
337 554
472 815
843 864
181 841
41 318
648 786
800 957
296 396
429 720
450 749
179 473
515 595
522 617
523 816
49 965
726 793
377 464
70 861
507 597
58 893
338 541
503 513
207 269
546 905
122 503
135 945
438 866
37 479
701 808
461 515
64 467
118 666
926 983
488 767
286 438
322 919
231 921
201 222
20 518
496 910
10 572
616 943
317 656
102 142
413 593
253 786
128 943
421 850
79 138
119 766
163 884
914 996
55 290
292 592
833 904
354 941
229 507
160 734
432 851
141 821
328 772
354 796
246 790
599 790
638 1000
307 654
163 594
247 376
33 418
350 611
24 219
742 917
337 884
48 737
410 968
142 879
368 654
534 897
220 935
167 232
377 944
216 498
310 720
385 783
317 332
218 307
381 837
477 518
463 599
14 71
145 244
406 765
557 851
373 838
562 639
28 167
13 821
256 826
352 591
369 999
298 429
190 663
356 763
361 791
88 121
451 917
951 960
221 291
499 897
123 577
143 948
109 622
386 907
631 745
391 414
156 545
218 998
623 901
98 368
13 505
295 723
560 672
563 791
417 577
141 405
221 231
331 875
427 616
176 808
139 188
286 317
380 584
732 789
659 965
400 672
127 717
79 366
45 74
802 967
555 645
202 615
867 875
478 776
488 776
15 519
362 865
163 784
400 590
101 196
599 837
530 972
68 915
272 648
96 460
168 841
621 926
648 750
405 533
52 350
513 964
262 785
856 960
686 745
66 398
696 873
489 557
346 942
128 277
761 837
8 363
333 740
63 463
360 798
865 999
790 934
80 141
557 661
800 886
695 779
386 555
574 936
316 936
339 633
178 905
610 900
147 894
44 994
959 999
131 146
633 718
99 230
231 285
782 983
1 674
353 375
80 713
486 693
568 718
697 942
260 596
254 288
532 984
5 824
27 784
157 833
448 843
49 376
35 317
185 648
426 866
758 867
412 861
567 779
314 991
409 961
196 415
287 992
568 778
81 969
560 938
106 428
343 457
551 740
716 805
2 739
21 69
96 138
391 983
46 744
323 933
107 522
110 415
112 868
483 555
101 248
102 771
160 518
51 815
966 984
104 931
138 197
211 905
105 142
52 387
531 614
581 703
91 175
401 637
147 369
534 623
919 983
396 781
115 293
6 468
225 805
582 795
158 275
15 430
436 913
328 570
369 402
5 132
155 571
228 467
161 398
198 767
200 628
42 411
498 841
372 850
108 648
15 76
18 160
273 869
130 998
609 889
591 825
705 890
613 849
433 671
269 497
53 426
319 555
160 416
35 780
144 613
218 410
259 436
80 407
298 466
43 541
523 791
134 884
47 189
571 831
153 586
278 355
465 808
390 873
325 844
787 987
297 299
653 958
32 968
97 150
541 713
11 578
74 174
218 990
240 698
205 904
304 423
784 977
286 603
343 542
112 452
3 375
519 635
317 651
249 813
568 951
166 880
500 922
174 351
55 424
56 661
509 965
550 805
572 741
96 150
79 471
318 565
871 923
859 883
56 516
129 200
664 835
422 599
480 676
725 870
206 974
409 616
245 876
232 325
177 708
358 645
16 582
137 342
500 606
64 850
690 954
51 696
233 829
39 171
738 942
6 432
47 684
591 767
78 550
155 519
468 582
678 721
146 446
172 750
160 238
87 413
471 546
165 371
458 463
165 196
442 955
117 763
170 362
304 936
252 546
290 835
570 651
341 372
113 509
334 999
140 356
221 335
757 813
334 534
286 661
508 797
142 409
130 417
39 819
79 966
72 912
35 356
435 574
495 630
166 690
187 417
304 323
158 610
84 799
603 889
720 955
148 572
166 781
206 366
193 865
480 499
194 673
231 894
112 718
367 398
520 677
116 142
284 850
56 689
328 950
71 934
457 534
538 777
480 721
667 679
119 622
154 542
64 912
31 308
107 978
16 531
113 529
764 976
33 304
217 531
287 623
223 621
150 701
190 382
600 992
320 691
47 576
46 877
547 648
397 529
345 352
200 573
9 25
213 281
15 23
332 441
264 937
561 693
377 544
85 223
385 959
118 281
431 436
553 758
843 924
40 991
57 999
188 335
302 451
229 737
89 438
507 899
381 934
848 965
575 690
632 988
282 823
636 956
191 677
378 924
952 995
38 344
131 198
283 387
130 274
297 355
407 851
671 742
236 647
296 820
25 282
353 933
461 550
693 971
430 803
527 755
72 795
59 247
261 863
461 695
482 754
11 872
671 772
512 947
470 719
16 194
179 654
404 809
175 698
418 989
400 560
607 711
478 777
768 843
254 848
366 878
206 919
281 508
581 841
341 692
211 639
819 892
466 960
141 856
310 881
96 461
314 380
167 984
409 544
147 340
439 644
155 929
358 988
243 428
138 768
428 554
968 975
643 805
367 983
152 668
480 825
372 895
561 576
33 175
147 931
77 670
632 683
100 833
252 644
222 308
424 651
14 32
342 893
39 695
32 207
308 692
218 566
348 617
424 425
26 485
647 837
27 68
161 926
640 957
218 729
2 410
188 433
830 992
134 939
619 895
31 517
17 191
37 180
735 813
16 497
162 967
390 575
118 848
323 616
250 456
732 980
205 628
689 815
732 843
590 601
710 790
396 714
625 878
349 678
478 858
210 236
449 812
85 896
201 503
77 284
194 536
525 756
31 383
517 676
257 470
242 812
7 134
11 195
105 252
107 922
56 984
312 322
20 115
516 920
58 170
405 967
210 417
72 322
551 858
517 582
349 874
243 283
6 469
59 588
372 701
66 352
502 612
506 619
74 855
453 988
128 323
42 265
868 957
6 356
51 637
582 939
15 478
181 962
511 591
610 724
574 875
428 669
268 970
213 465
325 759
152 615
562 802
526 889
467 602
69 754
441 591
9 819
85 120
817 932
412 472
60 330
286 924
359 766
36 675
164 504
93 398
347 930
4 129
465 815
452 563
143 638
718 818
312 570
260 954
299 852
446 901
378 839
218 812
623 847
97 149
331 583
10 804
122 320
503 861
568 602
455 990
171 891
92 287
19 915
206 275
390 682
62 983
836 910
230 437
357 941
426 726
249 669
983 990
749 792
153 423
119 788
500 778
174 463
343 492
667 730
228 956
112 897
719 742
850 915
815 999
379 425
752 909
517 553
294 402
186 379
63 211
180 349
91 138
381 492
553 878
290 668
751 919
169 597
351 357
498 795
8 292
212 588
977 984
85 171
583 860
493 822
186 814
26 571
795 884
189 221
481 662
61 914
657 875
127 433
274 317
221 684
632 961
84 356
356 705
670 679
13 864
117 284
139 726
230 533
305 674
140 357
179 249
123 532
70 125
74 112
644 804
370 795
296 970
518 789
606 978
295 809
81 741
80 944
62 864
328 330
590 614
373 454
309 622
225 311
154 893
598 880
124 547
361 407
270 891
236 977
771 998
187 255
280 907
261 540
137 518
16 901
272 543
257 493
719 853
759 776
850 996
43 476
154 543
210 327
237 542
480 577
341 512
569 741
237 943
721 994
578 621
190 383
428 432
696 736
414 871
777 801
582 864
432 514
68 750
458 526
220 929
647 668
99 304
216 500
696 830
327 480
114 495
333 591
100 174
800 876
144 640
234 916
643 742
290 898
277 940
169 851
189 368
498 993
100 829
273 957
535 573
302 448
485 886
144 942
680 752
787 820
237 277
562 716
27 123
136 322
286 980
126 535
239 988
351 930
745 959
355 423
305 718
714 866
623 790
878 977
120 699
101 812
913 920
1 614
221 451
295 892
460 873
192 247
447 897
265 877
106 773
107 484
14 560
163 470
805 875
701 842
336 770
10 591
390 739
413 642
250 548
124 865
267 372
440 800
900 960
101 415
28 779
233 303
286 291
219 972
399 704
295 563
244 425
49 141
298 612
6 829
542 899
529 532
90 962
110 385
681 977
42 609
646 877
383 951
542 786
48 466
11 166
345 560
141 855
859 954
586 606
569 656
2 575
612 722
923 941
154 738
214 274
324 694
219 392
76 279
294 474
95 629
155 928
321 472
48 304
160 986
251 795
820 950
38 991
220 534
260 365
526 576
530 639
604 908
556 815
134 477
119 177
7 609
358 831
12 953
218 354
181 798
293 372
55 885
242 348
464 750
394 713
514 954
15 155
329 672
165 266
874 908
502 965
415 950
99 155
51 220
105 782
329 386
537 869
369 897
813 944
1 672
36 799
143 613
97 799
403 968
173 418
246 248
193 492
247 593
378 800
182 656
236 454
628 960
149 585
518 834
139 623
31 917
3 140
520 802
495 568
334 766
245 417
248 379
357 551
193 526
128 587
205 627
261 801
25 501
444 505
323 760
31 203
488 569
641 643
235 292
314 989
706 887
70 502
434 530
58 486
529 615
729 831
270 819
215 284
755 827
183 290
440 538
58 73
82 435
64 938
505 840
401 849
94 998
55 356
755 936
447 462
530 814
565 695
38 537
383 824
681 862
333 467
119 454
251 694
341 937
68 663
74 852
868 958
280 447
86 983
323 483
489 527
203 777
129 686
422 501
639 834
87 507
609 895
276 538
88 870
311 852
406 712
338 786
134 731
874 992
709 801
748 969
14 61
226 959
504 581
874 883
840 959
359 761
195 872
106 665
92 980
143 712
184 407
238 718
131 240
187 584
653 811
339 885
52 662
292 389
619 858
122 478
16 335
53 876
495 751
545 652
348 771
849 866
118 701
323 583
250 493
73 108
970 994
366 747
645 714
25 465
421 554
577 652
533 937
241 835
617 760
157 581
497 682
496 835
487 575
201 402
572 743
168 741
150 437
667 733
436 674
111 992
906 910
263 383
52 498
752 910
332 802
42 712
198 831
324 654
203 983
42 347
150 774
25 559
565 941
402 835
316 669
9 227
358 884
472 899
90 510
535 826
38 886
293 699
169 997
167 342
373 589
320 631
433 808
75 511
130 968
352 856
442 982
420 562
27 368
562 967
601 795
47 893
51 374
454 785
78 881
373 879
566 730
809 951
136 423
174 739
303 965
142 381
201 647
437 783
64 153
433 500
692 779
714 847
236 511
537 974
75 827
295 970
404 723
187 709
60 77
45 671
706 763
176 594
265 999
31 988
378 856
72 515
782 828
1 537
623 866
554 935
204 748
637 822
374 644
735 757
387 677
177 201
430 773
487 492
144 414
399 894
370 762
758 937
16 216
150 375
353 889
119 842
546 584
361 406
710 863
340 609
183 245
572 788
465 496
50 522
175 785
509 999
55 319
457 532
202 977
426 493
410 642
506 863
251 528
180 540
72 445
310 875
738 878
150 704
449 565
197 747
510 610
204 313
243 293
711 714
68 856
307 512
90 176
453 770
552 901
419 654
149 505
17 619
18 452
254 758
167 229
42 462
834 930
660 858
313 369
539 667
722 751
381 834
41 287
296 476
173 778
49 772
526 822
393 410
263 948
490 926
201 577
71 111
8 63
247 814
178 883
382 531
98 186
136 323
726 824
692 888
221 288
26 318
830 970
155 222
231 331
287 437
197 311
218 882
26 161
122 278
340 449
71 435
74 149
202 430
62 690
131 887
407 706
67 629
529 856
378 606
452 953
231 958
206 328
500 941
382 393
353 645
44 242
746 980
379 645
309 754
21 46
225 451
51 935
214 561
42 622
119 588
234 418
91 471
881 933
772 796
93 637
336 478
742 842
300 313
111 137
864 964
3 922
703 885
561 868
397 930
350 578
294 298
4 708
13 658
233 644
68 707
311 941
207 876
69 907
877 996
238 870
96 779
117 927
373 517
138 608
255 545
91 512
4 905
385 921
155 495
543 848
178 900
886 892
83 513
52 780
308 694
238 563
331 383
633 723
429 934
321 805
360 733
199 828
628 850
184 619
627 769
735 926
644 991
477 954
425 775
277 530
482 848
684 819
519 882
361 530
378 656
16 499
469 711
240 657
280 520
151 287
117 245
175 405
435 632
349 386
496 634
387 765
211 481
232 656
474 629
664 733
457 865
171 575
79 222
334 409
634 675
541 949
529 981
270 897
201 356
590 718
496 856
461 810
542 621
390 494
427 742
323 793
971 997
73 290
292 516
77 282
612 913
43 406
298 601
51 899
12 395
16 974
181 268
238 343
572 691
811 909
233 949
140 551
81 121
375 891
103 680
531 619
452 480
223 423
134 156
391 519
323 341
152 331
133 988
411 726
178 759
433 946
358 841
142 810
511 585
209 511
88 760
51 492
143 388
481 543
189 326
981 986
507 879
489 808
955 967
243 857
298 334
246 392
709 800
139 974
222 417
518 626
196 772
515 648
386 812
193 350
175 218
145 467
255 392
60 170
459 703
623 841
300 520
448 827
697 824
19 804
5 793
83 89
227 905
727 768
693 912
139 283
692 709
179 554
309 999
366 744
353 995
27 622
317 648
106 237
529 800
269 741
179 603
334 501
297 740
154 871
373 401
102 113
7 433
79 178
287 961
396 744
145 936
771 908
391 935
125 417
146 870
275 630
410 687
380 849
733 851
664 838
58 221
167 781
99 939
315 742
544 812
427 992
45 433
409 621
17 876
876 957
312 352
574 600
39 215
349 987
59 765
335 664
538 581
704 869
601 719
618 663
820 879
713 761
553 876
273 548
694 832
96 725
315 821
156 375
484 836
33 228
329 797
476 980
82 875
262 623
708 971
549 585
587 650
90 366
613 882
583 862
35 860
108 382
899 935
441 617
481 660
479 481
657 873
181 631
190 767
675 797
50 274
32 777
493 598
350 481
433 491
287 464
14 312
416 519
183 643
2 320
792 930
135 540
796 890
597 913
447 798
303 794
179 872
731 855
878 938
112 261
74 126
370 793
266 684
326 792
740 798
390 517
282 402
563 831
508 766
129 365
37 428
426 825
597 612
46 474
853 970
681 729
115 821
296 633
353 888
429 451
512 601
824 859
34 277
353 745
409 815
430 599
159 383
162 433
396 611
676 811
345 681
241 584
205 493
738 764
427 959
216 954
552 616
242 882
8 902
261 316
300 342
254 533
21 348
673 773
820 988
419 689
243 469
655 770
837 939
471 765
94 616
648 980
260 282
17 763
643 859
381 720
882 919
423 975
248 967
268 908
325 717
161 292
414 662
18 231
490 780
38 226
576 645
143 365
368 511
666 954
463 960
230 981
87 640
181 587
687 977
230 932
140 436
286 986
92 925
437 866
22 944
688 992
571 745
878 983
745 846
10 875
309 829
92 675
774 857
187 337
192 201
36 42
371 413
81 711
615 902
529 863
602 831
196 272
783 870
309 991
37 576
667 969
27 598
306 419
948 982
1 183
22 367
206 248
318 918
101 494
103 336
569 948
326 689
244 474
284 945
105 116
71 903
423 478
51 983
234 419
270 631
6 93
337 938
76 273
314 490
243 256
225 797
389 508
67 238
677 873
198 772
199 469
825 990
552 866
256 303
397 929
315 780
411 717
639 987
142 847
18 297
419 826
207 879
613 936
786 802
38 191
534 784
699 723
285 974
159 949
950 960
271 444
26 625
481 732
744 838
174 681
891 937
93 423
256 794
627 915
773 875
424 428
522 557
305 671
127 216
75 885
97 797
204 599
830 999
508 977
896 949
161 780
144 170
143 916
631 713
545 742
415 500
398 706
168 207
404 635
580 764
107 450
89 595
608 749
58 642
37 403
427 571
392 978
228 726
233 376
603 930
452 926
469 792
456 473
720 902
166 840
962 991
409 965
469 905
236 900
521 964
59 901
115 237
194 740
140 706
289 664
128 794
92 203
3 586
82 433
11 119
525 753
512 688
90 932
159 311
289 777
257 299
409 656
105 225
654 926
234 391
607 986
206 865
559 807
154 708
525 979
64 842
72 325
54 341
789 814
350 684
388 905
150 888
668 721
152 477
302 979
30 450
87 151
454 766
256 267
384 752
12 968
200 632
401 403
682 804
647 742
613 972
583 740
108 644
52 92
220 794
152 618
27 406
502 948
167 402
209 664
69 640
291 666
39 596
799 818
88 902
126 706
472 485
515 651
255 314
60 308
377 424
32 861
736 737
143 635
455 693
10 848
745 885
14 716
164 217
53 874
684 784
39 779
4 418
316 396
575 981
67 814
274 920
495 606
331 713
98 308
196 729
754 907
594 948
701 880
196 360
144 451
533 951
36 241
44 292
500 998
11 949
270 866
292 938
166 967
6 872
279 700
319 499
301 804
453 633
759 801
354 898
319 320
12 424
729 906
664 839
457 719
635 748
100 369
427 995
85 643
200 295
646 954
332 860
333 501
135 323
357 511
690 950
114 228
3 981
703 908
371 687
190 209
489 600
401 494
204 501
233 579
682 792
458 632
481 969
47 910
89 188
218 344
847 887
596 693
743 774
173 804
464 680
804 922
143 264
97 522
43 748
83 587
669 848
122 175
38 417
5 696
669 705
84 359
212 412
869 953
952 971
58 774
402 404
386 817
549 908
416 536
71 312
408 664
170 539
210 732
640 791
308 909
398 523
19 722
374 666
303 650
396 472
805 884
18 614
628 681
41 927
120 896
541 858
16 75
141 364
111 578
149 865
519 603
478 759
279 482
83 229
121 282
14 885
25 92
335 827
500 873
375 623
343 397
346 403
54 64
55 313
664 820
93 742
44 46
392 599
525 569
216 955
600 710
380 886
55 686
59 683
335 718
263 349
768 897
185 241
354 648
690 858
147 173
385 608
846 873
479 768
371 651
264 847
134 357
81 465
540 556
781 790
621 727
125 904
548 723
570 887
315 848
134 500
747 949
432 660
739 997
151 595
428 864
181 680
75 413
56 463
312 953
22 740
756 828
201 583
762 800
744 875
709 999
891 908
105 791
308 732
19 419
256 831
347 894
464 946
28 211
326 456
93 499
165 966
386 789
731 773
109 617
494 989
633 791
545 729
451 694
395 990
571 601
183 791
130 385
309 941
880 950
79 196
563 651
750 779
272 336
698 942
59 120
599 610
90 606
141 626
590 867
538 966
208 493
150 384
284 946
525 716
250 884
197 939
145 768
383 944
168 703
371 984
101 207
376 962
11 219
529 666
492 700
110 375
609 660
811 816
157 222
752 968
324 689
510 668
55 547
168 989
17 964
414 838
113 787
829 957
337 843
618 748
747 768
381 514
55 961
556 810
152 736
704 989
138 927
90 436
476 925
138 622
35 902
324 885
181 652
807 840
84 441
765 990
420 987
188 367
134 653
683 996
614 840
908 967
857 921
14 326
351 899
224 409
79 789
316 489
499 529
818 935
399 914
182 518
667 807
469 807
698 979
491 947
182 288
384 407
261 703
712 747
231 813
144 375
129 453
101 257
319 478
487 532
220 433
58 84
168 524
500 673
33 658
676 876
592 623
50 675
223 528
538 764
958 989
43 182
137 317
119 451
211 908
547 870
254 594
54 298
129 897
539 950
294 453
116 535
66 380
46 830
233 725
198 865
146 708
246 637
85 433
124 153
656 813
75 327
419 985
276 950
192 569
118 443
195 702
234 856
843 890
240 277
238 768
748 949
433 658
714 741
237 440
259 298
156 930
748 964
147 673
80 396
50 364
452 575
325 823
549 919
53 760
58 978
95 349
79 888
406 408
50 78
365 711
224 421
27 834
340 507
253 550
658 928
135 984
102 277
533 581
326 845
496 920
124 932
413 583
875 932
70 326
309 534
767 867
399 517
491 556
715 908
167 553
370 439
63 616
374 891
31 462
586 947
362 787
167 702
617 799
581 892
719 738
480 697
910 973
551 997
777 952
108 948
110 158
742 995
350 536
81 261
544 635
320 731
467 796
69 944
473 499
367 523
639 867
216 395
756 985
613 880
192 692
304 990
543 901
969 988
14 109
308 330
53 393
316 877
799 896
144 582
397 428
330 913
4 210
44 935
204 954
305 597
378 901
144 981
184 438
459 716
888 970
624 964
416 537
19 612
508 794
737 788
23 165
16 61
269 805
35 363
110 941
737 901
205 935
232 859
378 569
55 229
440 776
41 559
83 228
140 933
236 958
550 920
159 232
366 996
59 972
810 908
724 970
232 392
383 927
629 979
244 375
45 258
444 881
634 810
103 669
161 254
217 534
147 319
419 546
561 893
467 986
392 438
475 843
190 242
428 579
12 770
327 335
651 733
302 891
82 954
289 380
63 294
212 620
228 359
860 892
666 777
333 988
243 866
471 946
535 569
386 752
294 969
98 198
540 913
189 253
669 819
320 372
138 685
229 748
428 903
291 597
114 604
339 833
726 831
412 691
674 730
485 963
624 913
131 205
61 148
653 880
356 880
507 740
40 113
210 705
174 988
451 697
585 923
121 219
102 322
603 811
512 874
732 973
434 776
35 263
40 431
314 850
496 593
277 334
351 733
283 597
693 982
378 605
469 770
236 531
280 717
15 879
715 967
239 269
58 462
2 870
79 372
31 497
90 607
181 388
291 348
755 803
76 734
387 817
410 626
250 885
287 808
219 238
509 904
435 989
646 865
78 167
393 797
599 835
125 216
180 755
271 804
55 653
242 916
264 526
547 845
509 746
57 473
55 546
132 525
646 899
885 895
266 375
251 799
121 994
323 378
159 512
345 470
492 611
95 646
26 955
233 649
96 671
354 399
561 635
450 922
360 772
113 124
57 804
26 861
192 589
389 813
325 687
89 251
490 878
293 449
243 894
62 134
393 443
507 821
271 446
389 975
193 198
583 945
30 819
895 995
736 872
848 934
313 733
322 533
382 925
37 46
294 727
541 590
31 512
365 738
519 879
153 914
580 879
136 576
163 361
124 786
361 672
175 406
37 401
150 208
707 757
11 826
283 561
124 897
309 561
292 801
330 508
225 258
280 809
31 68
715 995
127 751
606 712
422 835
59 903
478 863
448 670
802 997
237 704
366 924
205 290
98 850
64 942
46 754
712 970
323 939
254 881
110 417
309 324
517 687
918 934
629 907
116 882
335 528
449 577
175 955
859 922
140 546
668 700
376 590
198 983
34 940
864 995
149 461
462 572
601 752
284 292
618 702
216 658
337 805
752 836
364 634
298 920
8 702
320 752
32 292
431 676
251 936
124 154
12 970
517 867
313 317
212 565
164 688
19 143
882 989
282 551
281 904
86 181
843 970
556 557
415 918
493 734
442 784
523 781
191 619
51 60
535 726
610 789
83 655
106 532
236 407
100 678
286 675
922 939
575 983
27 837
127 988
148 695
153 799
10 688
637 927
692 704
269 657
163 402
89 941
783 811
184 983
40 359
470 665
344 541
110 752
1 332
46 300
180 998
396 747
434 562
383 533
520 655
229 383
31 457
56 667
73 707
96 172
132 784
261 436
79 477
154 516
319 322
135 415
106 285
573 775
578 915
559 852
200 297
458 821
129 883
76 452
99 573
479 921
392 411
122 646
30 429
293 581
111 194
464 509
980 989
34 803
328 604
405 696
246 606
372 781
263 686
730 923
30 335
215 721
454 619
473 498
167 338
557 582
337 547
359 938
643 753
591 795
100 774
302 574
748 922
324 846
604 662
77 562
243 822
557 872
299 632
229 759
543 789
514 785
813 867
334 894
333 793
652 679
389 519
32 780
485 942
10 995
463 783
191 796
286 780
857 976
567 645
235 932
144 869
148 885
352 664
95 432
387 395
407 980
317 854
175 360
287 354
128 745
398 521
554 931
311 376
3 187
23 164
107 511
257 804
165 659
166 692
261 980
68 482
438 788
210 911
34 417
162 746
572 929
25 34
188 954
82 85
673 734
319 384
33 639
750 988
664 903
520 683
194 554
563 591
763 935
234 315
586 980
625 954
37 796
439 920
479 735
410 654
327 923
509 852
147 465
572 630
371 879
225 645
11 270
163 603
155 987
54 275
552 905
20 167
372 754
377 968
284 364
318 388
432 519
142 886
270 299
570 885
453 927
220 958
419 771
543 602
125 631
660 870
610 665
423 968
268 911
574 951
96 978
152 932
221 538
95 97
443 512
114 714
388 391
94 171
97 901
153 667
408 984
624 914
312 520
188 427
64 249
16 380
774 973
24 791
558 980
136 677
248 501
122 274
196 637
412 594
253 636
545 735
240 873
210 849
616 724
839 938
606 947
53 977
37 508
435 608
171 838
297 519
154 184
177 233
70 380
103 252
608 802
172 443
928 953
448 691
158 866
180 990
110 539
366 897
664 995
663 751
251 579
436 759
914 963
257 460
298 752
391 889
819 834
453 704
8 933
423 424
82 746
245 814
11 298
266 485
233 878
158 175
15 290
345 420
55 573
204 345
65 549
691 793
328 517
484 904
967 973
384 646
9 63
941 990
319 862
798 889
583 765
582 976
643 696
146 384
613 806
377 710
26 717
8 112
155 483
184 273
19 336
313 627
98 235
498 657
130 686
294 837
773 872
423 675
70 924
398 935
757 894
459 663
791 916
260 595
631 714
784 861
532 999
274 947
41 836
461 627
558 867
166 621
280 524
266 611
46 55
89 592
3 256
6 609
693 809
54 893
131 740
387 526
228 672
323 652
306 578
440 944
59 902
230 237
470 604
24 350
393 687
449 983
30 148
871 876
621 857
128 140
457 720
439 960
719 776
668 782
582 624
380 952
785 786
470 830
24 124
738 786
150 652
621 635
233 842
57 500
24 235
371 581
462 940
221 783
220 870
534 832
260 477
377 625
549 593
329 758
535 898
311 802
76 101
48 910
855 909
235 524
329 583
687 692
619 674
605 843
571 967
311 704
540 986
423 758
286 902
123 288
142 362
326 391
382 559
148 995
230 611
670 732
395 570
304 737
415 695
456 572
770 962
662 732
79 890
50 76
140 206
537 614
314 553
4 429
328 453
224 278
616 812
230 476
378 547
508 726
178 379
89 940
97 393
280 663
405 432
158 664
399 662
73 480
521 916
612 851
82 110
101 466
317 757
671 986
559 640
323 872
192 466
516 693
171 684
353 705
180 918
127 531
755 794
133 632
707 927
30 240
620 656
949 966
38 687
202 777
58 217
538 687
578 912
7 224
449 556
871 993
68 978
270 562
327 583
458 818
4 634
422 729
462 750
927 928
59 622
480 921
155 623
372 671
212 884
963 980
621 752
547 661
17 898
329 944
471 725
522 989
526 573
565 985
323 450
513 694
169 1000
450 963
803 861
441 764
652 834
583 858
359 570
476 758
259 264
61 940
557 871
647 997
9 849
29 398
160 451
895 981
415 629
456 890
199 994
420 797
244 761
188 273
208 575
456 969
352 554
351 948
580 898
264 496
49 590
122 396
322 602
287 476
680 824
390 991
196 538
378 869
2 207
370 789
611 849
135 937
183 957
554 563
24 986
278 979
444 463
482 630
879 997
258 391
168 281
211 413
28 829
750 882
235 483
606 758
92 104
21 164
349 375
261 757
229 257
176 915
29 633
569 924
551 724
435 850
3 630
289 837
349 537
116 772
565 633
250 974
253 509
552 620
371 878
7 196
747 763
401 685
113 667
609 766
204 310
384 925
186 281
777 986
431 633
368 567
85 390
694 800
419 770
4 892
169 955
151 767
406 824
263 653
303 416
255 955
498 904
66 68
138 585
255 520
660 726
471 991
477 542
133 306
526 827
843 917
436 485
579 943
105 788
274 283
294 862
95 241
333 828
523 852
147 584
153 523
191 819
451 810
670 788
490 716
640 839
566 965
680 788
791 992
169 273
558 981
633 788
335 420
227 743
163 335
74 158
827 948
121 217
54 743
112 436
150 202
64 311
11 784
28 658
567 831
236 525
148 479
554 678
23 937
872 873
824 908
269 553
550 954
440 917
48 234
410 449
84 536
158 867
229 293
546 617
440 516
98 844
814 878
102 908
767 906
676 843
72 79
681 987
354 841
135 486
599 861
272 640
474 478
699 811
789 933
254 938
738 783
6 81
176 364
677 900
401 649
100 411
582 823
492 605
388 800
704 929
88 626
178 716
233 655
366 429
350 982
591 700
9 62
209 406
397 703
164 670
420 736
699 727
83 806
325 685
507 838
700 943
207 649
359 578
394 834
570 731
437 928
305 514
71 223
588 971
338 586
429 929
302 337
585 603
416 724
182 763
861 958
541 588
247 559
430 501
50 425
53 786
404 656
499 530
26 142
45 738
286 724
13 388
452 740
571 614
316 347
631 634
615 849
196 737
440 851
150 214
875 957
72 830
555 827
149 934
245 717
144 362
167 518
168 608
387 926
104 638
231 703
141 659
516 865
439 850
43 397
81 850
297 941
90 928
162 501
453 530
76 595
355 540
45 328
267 850
55 659
638 808
90 194
842 853
440 493
4 534
479 820
190 313
462 514
837 990
91 212
682 913
225 942
431 678
177 771
358 834
454 525
75 376
330 567
510 921
846 983
282 690
377 624
458 467
556 664
207 764
557 753
713 947
678 911
131 472
522 747
122 151
322 341
52 894
131 361
83 544
545 971
398 785
329 416
300 743
183 698
149 518
631 824
101 797
688 940
265 973
122 472
486 841
87 938
398 563
18 751
184 763
308 949
205 815
188 195
361 753
415 468
434 895
53 999
148 689
118 695
597 730
283 622
267 293
374 557
213 737
706 947
70 298
322 904
46 80
692 706
438 782
378 544
314 776
59 199
560 608
188 801
154 241
118 550
34 411
141 469
380 537
73 487
112 587
684 705
101 465
84 737
275 524
59 933
581 1000
174 470
84 592
33 706
15 982
49 207
272 554
183 284
367 483
685 954
318 573
379 561
529 726
517 641
167 776
759 978
392 526
780 929
871 992
600 669
876 954
492 647
704 715
781 925
377 833
263 394
105 338
177 589
551 887
172 960
29 73
621 751
251 985
481 860
119 198
129 652
85 195
838 899
674 864
450 960
161 275
531 985
195 671
751 882
535 929
437 710
131 423
562 961
380 496
489 783
159 905
130 629
237 409
53 519
570 659
23 339
170 741
117 372
496 507
170 628
100 757
619 943
265 920
692 785
108 168
145 434
576 890
66 596
670 840
73 208
109 530
348 846
23 166
615 776
283 733
50 192
434 867
623 985
314 701
129 352
93 943
337 389
136 888
447 584
750 883
325 364
22 324
297 715
82 83
157 547
488 902
676 961
287 928
383 523
663 709
296 525
7 33
10 263
85 833
211 762
780 871
343 393
287 817
258 601
121 745
380 882
309 442
73 590
510 533
475 942
42 519
135 274
324 345
111 115
220 666
811 857
376 648
410 942
177 617
52 323
414 878
190 241
411 740
247 480
341 875
86 934
677 705
366 406
117 788
425 448
65 889
302 894
449 474
472 869
363 636
610 663
557 680
208 879
632 663
74 584
200 771
21 795
276 728
388 498
243 871
368 500
705 939
812 905
209 740
429 555
657 840
144 933
198 360
382 533
108 494
113 256
117 328
722 922
687 988
507 520
147 587
313 823
464 837
179 218
257 612
98 406
614 642
597 944
174 995
141 170
309 824
74 159
438 980
274 589
314 750
193 571
788 970
793 884
28 659
430 811
412 882
54 663
295 603
103 254
288 959
948 979
310 444
370 619
97 289
6 933
297 807
228 541
3 452
928 955
272 483
81 885
116 234
232 487
506 778
50 552
225 566
120 348
67 439
38 756
789 932
96 453
171 405
544 873
104 944
157 218
363 941
180 365
551 942
60 907
385 471
721 967
225 784
209 235
402 882
111 260
534 971
152 373
155 598
119 281
161 505
808 876
420 658
700 842
63 502
446 458
358 822
751 837
167 276
209 550
229 555
218 284
80 277
78 768
62 133
100 984
212 754
826 846
187 948
256 864
227 471
18 998
545 927
286 827
782 988
145 489
97 784
28 418
359 432
417 937
641 841
307 365
52 552
19 673
240 824
369 740
114 801
575 956
11 593
361 532
197 422
615 848
10 667
157 856
12 125
219 515
6 615
577 697
597 694
728 827
141 432
35 181
469 803
474 639
71 691
165 570
97 476
331 782
118 586
357 770
249 649
70 489
219 801
49 162
214 740
295 349
581 900
362 842
458 909
112 925
205 432
656 756
592 754
320 981
410 887
157 190
124 439
105 373
159 592
72 330
91 166
267 563
177 945
539 827
96 719
134 289
252 450
734 970
208 920
192 573
307 796
713 801
364 795
238 772
38 220
29 311
252 672
75 89
65 67
155 449
817 988
325 529
161 592
201 515
476 643
203 509
40 927
259 447
133 410
743 767
304 788
532 560
79 727
154 314
264 470
106 531
35 533
236 402
558 931
260 930
28 390
731 833
342 738
142 394
130 466
19 701
10 812
407 802
182 486
74 215
222 999
671 678
598 642
412 779
344 625
182 401
145 640
55 157
64 368
616 957
46 448
15 819
179 673
594 832
404 890
519 643
353 854
318 960
444 523
140 780
289 718
417 497
239 326
115 204
187 235
645 981
629 842
261 544
254 769
98 885
46 525
711 953
86 590
16 544
487 901
186 400
155 835
673 898
410 728
582 594
487 794
327 577
242 987
81 95
405 995
119 419
372 618
262 948
711 735
55 615
223 385
411 539
307 602
8 349
191 244
467 800
200 665
471 580
373 598
212 596
548 922
352 863
800 951
386 744
151 808
562 593
139 992
490 564
382 766
346 560
190 737
123 718
714 999
58 771
148 897
352 556
100 758
321 743
31 564
3 47
210 729
597 923
219 685
22 136
80 793
11 665
28 537
265 889
115 541
187 440
460 972
413 694
185 719
76 976
353 769
235 485
783 953
58 310
276 353
594 804
335 774
101 500
266 795
702 838
763 952
283 792
914 986
332 927
439 917
833 902
738 758
150 616
500 741
103 520
430 712
401 786
146 983
246 876
300 332
752 929
147 323
113 665
377 860
