1000 1000
670 955
214 589
70 896
783 842
152 282
82 551
340 605
667 810
48 86
369 569
76 651
46 590
4 415
45 128
52 973
283 823
234 1000
52 570
312 410
904 991
206 614
121 160
182 935
151 428
901 993
291 519
447 853
228 514
481 766
424 934
359 578
239 844
625 720
564 813
680 920
147 211
112 330
116 692
422 607
912 929
217 795
387 604
603 907
796 891
103 586
472 801
557 960
13 811
555 679
221 508
281 370
855 907
190 195
432 926
46 871
242 900
494 781
763 940
275 440
61 182
492 978
440 717
479 503
408 961
351 803
874 983
269 596
574 978
66 452
297 684
293 456
204 674
360 930
96 730
578 722
239 853
122 598
131 395
547 629
642 714
396 843
636 667
819 928
443 703
556 765
145 219
422 719
386 484
774 986
694 798
18 414
289 600
354 518
193 419
124 574
132 275
17 999
35 845
85 406
88 850
39 941
977 993
314 713
459 925
79 971
739 905
321 988
498 990
132 478
175 623
238 656
453 496
250 534
332 345
525 944
806 894
484 763
272 673
487 670
510 938
62 319
26 30
950 968
347 677
439 457
682 918
170 995
31 138
217 535
575 779
670 940
106 446
177 915
824 893
192 288
321 342
505 850
451 674
627 659
608 623
392 437
366 728
307 909
35 765
31 611
408 928
457 474
591 824
191 263
324 627
745 911
92 349
624 778
410 737
193 684
267 931
172 966
84 928
898 951
327 755
252 545
182 904
115 246
785 845
299 537
817 932
583 777
290 935
491 592
434 845
211 894
398 720
363 670
372 918
233 290
363 384
162 579
517 662
755 951
351 702
341 903
616 709
330 700
474 550
223 929
227 344
451 568
232 344
524 705
940 960
324 965
101 689
82 549
275 324
67 139
480 818
382 829
563 996
211 527
8 170
326 727
440 738
215 666
196 501
153 661
16 787
198 401
100 193
90 247
911 948
121 901
150 908
312 858
135 185
226 365
499 938
51 62
391 692
282 536
382 556
638 993
499 700
181 224
328 876
720 841
26 448
519 634
270 851
331 677
824 974
516 780
716 797
505 936
52 817
274 619
322 529
19 424
149 207
157 477
398 563
628 683
310 558
699 708
101 160
15 969
444 583
369 975
752 977
361 487
193 405
223 733
32 533
486 818
802 895
191 773
375 706
642 870
50 380
111 836
2 657
274 961
140 821
284 946
291 729
317 637
140 686
372 610
616 971
524 745
482 897
456 479
155 714
383 472
471 812
163 623
650 933
156 351
692 886
213 640
732 912
217 274
595 624
176 804
247 317
159 624
260 881
743 754
41 92
542 989
148 678
10 794
526 777
5 791
260 459
125 496
352 865
79 813
125 946
607 712
56 167
662 751
215 360
378 393
137 727
36 976
558 940
992 998
715 928
172 817
385 614
224 689
508 910
677 981
4 162
81 334
380 505
13 448
157 763
156 184
326 722
522 644
688 740
28 522
552 745
60 469
76 543
701 918
325 672
426 506
212 264
95 189
440 893
412 548
414 661
288 943
786 844
5 113
74 140
220 419
202 759
192 995
288 317
306 813
428 783
170 689
51 528
205 750
523 895
117 439
492 825
137 297
838 959
97 356
562 592
80 377
728 854
6 880
536 543
253 657
175 887
414 668
477 844
201 331
506 613
917 970
128 552
527 674
180 405
436 706
389 876
393 515
345 614
25 166
32 388
323 868
366 701
806 1000
669 863
234 556
254 799
13 349
596 755
40 476
36 130
573 784
283 436
22 182
641 794
205 291
508 719
726 882
12 241
502 998
47 324
128 990
250 304
226 750
94 731
924 944
318 759
810 812
720 759
689 830
507 909
286 412
76 659
199 842
371 960
92 743
140 668
311 856
979 981
124 197
264 409
93 509
44 942
135 972
386 799
92 930
678 724
737 998
434 636
244 841
167 778
268 523
207 403
362 375
621 671
570 723
191 746
309 915
718 773
369 449
100 462
93 427
253 886
561 963
410 612
324 418
107 495
536 628
652 725
422 531
223 242
180 469
393 918
457 617
381 747
518 606
103 697
136 870
656 782
324 916
89 456
479 833
8 249
393 442
384 577
85 110
28 593
156 977
336 944
504 584
193 534
63 971
40 810
386 810
98 685
119 544
629 741
572 800
474 588
59 854
243 927
192 923
167 845
889 902
66 769
339 421
173 241
141 284
288 688
425 779
258 716
323 422
723 962
70 602
384 546
514 775
337 488
164 412
106 267
131 953
224 411
326 647
248 273
27 993
280 987
124 976
435 688
243 410
410 674
594 784
442 772
121 981
149 263
623 908
274 384
52 218
329 398
449 889
673 780
75 549
245 470
198 801
422 799
514 714
94 607
143 617
77 787
359 465
410 528
467 715
489 588
391 929
604 701
424 758
488 746
231 382
259 425
700 769
243 982
226 505
192 265
87 155
401 526
111 858
70 302
22 515
459 935
440 680
407 427
294 522
181 567
565 648
660 928
303 929
178 625
672 779
669 999
408 770
10 160
194 901
951 952
53 621
12 931
446 955
643 687
521 653
55 444
98 479
100 868
818 964
149 771
112 118
300 446
300 669
204 778
35 593
76 540
712 762
146 417
162 263
147 575
259 886
495 889
665 850
635 654
108 723
567 834
770 951
275 377
548 620
364 529
140 951
548 586
531 819
200 577
143 756
478 770
117 1000
585 614
198 510
399 523
801 808
77 349
524 734
23 499
43 778
381 745
169 412
472 516
16 929
294 468
128 235
355 425
809 862
675 902
987 1000
361 531
337 686
344 426
145 207
481 600
399 792
450 988
80 95
3 140
298 710
873 925
725 996
81 694
162 771
246 671
771 997
838 947
2 70
613 714
82 492
162 678
48 745
145 352
394 461
328 704
598 688
86 613
556 984
912 983
985 987
133 597
202 641
504 619
272 562
289 831
437 910
412 575
688 715
518 617
542 981
236 928
189 862
75 991
169 835
210 698
140 933
197 345
441 641
45 317
422 716
715 850
115 587
244 688
172 379
349 990
47 995
72 950
373 759
229 972
111 353
92 418
560 603
109 552
683 729
516 830
520 996
440 809
122 152
64 540
254 559
655 761
656 894
157 223
351 378
414 822
49 162
497 504
37 143
382 720
797 813
670 804
524 663
733 943
598 633
340 619
693 937
329 528
473 603
221 514
59 286
362 439
299 620
216 585
183 229
171 497
2 114
561 928
284 860
622 999
175 458
40 521
330 751
441 480
29 431
484 532
125 987
337 498
341 372
173 877
295 646
762 994
893 939
361 663
242 678
585 619
58 657
707 944
523 751
678 976
255 626
880 964
189 457
321 528
156 599
556 665
184 346
397 464
205 987
42 335
97 902
45 818
19 118
665 936
68 327
816 880
229 239
180 936
155 201
512 983
33 319
164 480
424 568
285 914
221 925
544 576
806 902
222 756
147 186
480 499
354 757
872 917
861 897
554 827
547 701
661 721
335 656
66 132
235 519
102 562
315 865
669 701
548 680
728 860
114 696
255 804
600 805
264 682
804 880
345 442
96 459
238 431
262 429
63 153
262 571
682 896
159 862
139 178
72 730
339 958
72 579
75 977
586 926
273 905
341 352
353 666
23 540
457 713
415 972
158 529
646 930
215 826
44 567
15 165
195 539
657 837
88 275
646 744
160 372
249 326
813 954
312 559
60 616
297 752
612 812
49 87
25 559
352 790
559 726
209 220
582 678
88 647
162 181
144 259
323 769
311 718
474 484
261 896
725 877
520 708
339 776
123 861
74 130
125 945
198 935
750 863
414 693
503 517
567 895
415 979
89 760
233 483
470 556
285 502
597 905
348 980
2 643
811 923
184 204
92 711
501 588
40 58
46 584
496 549
426 900
543 722
247 689
748 813
202 689
93 627
56 271
110 812
724 935
487 863
180 498
437 783
517 624
758 854
160 697
445 873
316 924
704 813
46 903
501 861
601 890
442 645
170 448
570 787
89 284
94 134
110 747
17 615
437 630
140 346
415 617
851 945
232 353
17 734
268 595
19 559
188 687
131 764
3 892
765 793
76 535
557 895
314 691
137 441
76 85
521 749
82 172
796 811
800 889
11 872
176 541
440 698
636 675
356 430
192 305
49 408
189 268
277 959
59 555
330 833
319 665
42 951
100 330
472 939
98 572
134 550
633 729
16 418
223 503
204 862
469 491
670 851
156 300
188 678
201 972
51 574
70 819
809 826
465 676
76 219
127 297
39 620
119 348
81 733
160 434
130 897
534 622
631 841
266 569
33 937
29 547
371 992
568 705
837 983
546 859
54 330
351 480
169 839
843 941
897 991
428 992
78 958
24 38
86 268
272 361
427 438
2 170
66 106
929 936
777 862
12 363
39 561
354 879
239 467
61 686
616 837
235 851
362 873
196 202
71 687
75 869
308 959
348 892
401 468
398 646
14 379
157 630
328 628
165 512
399 553
218 490
163 305
430 924
14 177
363 497
812 833
43 357
238 979
255 787
106 262
746 851
787 901
212 829
561 927
302 832
369 717
718 745
178 619
