1000 2000
140 815
605 775
455 460
336 893
117 866
333 944
280 549
119 308
12 830
518 581
577 821
603 846
621 792
51 445
714 784
325 460
46 494
434 628
803 891
571 726
314 629
278 717
284 778
521 817
227 625
672 706
11 83
603 669
89 445
324 615
189 447
760 944
372 875
679 728
41 663
338 829
468 840
730 810
218 435
279 319
190 224
526 638
158 905
395 489
53 990
96 336
79 743
686 852
156 876
319 853
238 656
356 891
506 994
361 490
474 523
436 777
311 890
94 805
3 112
167 540
98 430
45 757
818 951
70 72
74 817
81 884
233 644
33 60
555 953
422 462
369 911
16 163
215 669
418 779
125 543
257 708
137 881
100 310
122 432
108 131
236 456
398 587
205 237
46 185
12 262
369 823
379 512
412 978
389 595
285 492
396 907
713 772
194 403
197 299
161 730
517 594
374 774
327 840
570 729
390 573
395 841
470 944
111 381
135 700
519 673
21 982
9 950
157 608
35 946
222 292
496 856
499 532
101 259
255 873
666 995
479 849
299 503
506 804
361 676
18 990
298 744
462 976
123 655
417 635
497 888
355 614
585 979
111 173
792 999
276 965
207 526
577 843
86 547
215 816
551 623
351 400
499 629
748 955
16 329
589 591
650 725
152 920
134 151
62 752
46 213
247 314
249 404
31 899
451 647
325 535
198 858
456 858
244 665
784 989
117 971
211 555
33 980
385 845
345 987
142 538
54 294
383 468
156 612
266 286
363 798
605 840
469 731
552 843
113 382
8 254
118 201
101 756
140 491
396 983
397 783
303 783
294 957
690 785
835 958
12 869
271 637
121 714
510 905
168 885
423 487
64 140
134 419
569 788
381 676
94 850
352 834
149 952
354 743
98 487
568 763
440 591
607 753
46 852
103 406
418 593
610 944
131 345
379 908
195 267
402 979
6 571
278 956
106 223
289 597
443 825
286 657
261 552
64 417
176 389
110 473
76 166
223 273
573 683
647 894
173 711
304 826
305 599
414 530
278 951
282 660
470 687
99 550
335 819
123 534
162 922
827 916
330 779
629 859
204 800
270 737
362 782
364 491
44 924
557 699
7 260
278 846
162 802
34 111
40 154
332 643
482 486
138 324
391 705
33 429
878 941
170 347
612 937
320 558
323 437
324 922
54 649
420 729
147 899
130 217
831 835
156 243
600 884
285 785
605 924
489 878
92 107
684 858
425 841
483 501
581 628
88 856
599 709
543 712
530 537
106 785
161 525
352 497
553 985
830 960
373 923
113 664
293 916
605 774
769 982
3 173
579 939
193 559
53 165
290 697
326 726
352 579
170 732
176 235
418 767
178 521
34 549
402 756
917 973
352 892
375 714
139 581
195 522
126 802
159 528
868 918
116 230
273 754
128 214
109 652
375 1000
160 337
815 912
209 561
135 258
54 781
316 451
527 551
70 653
81 687
136 568
157 445
88 615
50 226
697 889
311 514
7 159
427 923
12 631
503 909
141 394
326 910
208 266
377 568
161 719
586 687
327 531
622 635
128 459
294 472
394 863
41 853
205 313
777 835
390 405
53 176
131 145
114 587
124 318
187 759
22 820
479 989
262 893
84 440
690 888
820 959
16 509
643 926
149 703
6 728
410 582
326 420
454 548
130 870
169 916
885 924
28 310
410 745
585 599
933 986
169 504
480 637
635 675
263 436
66 528
825 895
203 575
41 822
593 769
234 250
125 974
103 460
436 705
212 466
139 335
497 838
189 648
511 696
437 517
331 920
410 584
57 277
5 40
136 366
323 739
271 830
427 475
269 500
58 946
402 714
404 666
591 941
171 580
514 820
163 168
687 787
28 601
511 903
81 541
425 1000
407 413
172 518
102 245
40 177
332 508
482 679
267 932
308 930
408 548
214 765
142 643
769 798
383 447
58 89
253 927
20 925
685 989
262 493
428 663
172 506
318 361
637 746
348 878
148 371
223 404
376 788
85 467
193 930
417 803
943 966
283 539
344 369
235 959
666 671
186 383
56 863
258 819
173 835
56 206
241 675
630 840
276 979
597 743
120 288
503 964
127 936
171 898
910 972
158 668
124 367
34 406
107 891
538 723
10 834
65 162
190 326
512 629
505 529
414 707
229 378
211 739
340 965
119 202
85 342
340 820
949 962
273 692
365 988
218 344
612 659
258 914
173 804
66 299
821 868
489 688
128 394
183 826
697 993
389 904
249 439
185 773
74 960
733 932
257 862
41 108
888 969
405 462
75 829
154 388
257 949
24 285
792 978
578 847
44 55
176 199
432 742
68 522
664 743
689 884
394 558
162 803
441 521
802 956
287 361
220 457
292 974
189 545
246 487
581 960
240 721
44 916
649 705
303 414
234 793
254 502
55 227
437 799
207 361
263 808
197 323
235 487
327 558
811 869
443 847
832 851
176 476
268 613
285 897
868 993
281 695
395 817
621 727
342 973
255 809
73 738
384 696
227 287
887 942
279 496
340 514
17 651
487 824
39 318
46 777
87 530
74 770
548 587
288 599
118 140
62 649
51 526
837 915
183 378
39 465
512 769
505 733
457 661
4 783
166 353
675 905
430 911
270 928
35 550
481 607
123 398
471 840
8 862
43 439
376 844
185 810
425 596
154 186
244 323
212 514
643 840
116 456
171 981
304 685
307 863
594 706
170 429
392 789
210 699
123 391
286 764
70 642
54 584
254 670
43 115
44 131
13 663
61 481
137 688
95 267
520 622
46 947
253 671
896 952
153 897
647 938
105 294
231 663
73 269
684 974
261 939
546 811
247 823
108 530
40 754
217 369
107 939
384 563
278 304
376 568
140 305
713 914
133 297
101 836
654 883
14 36
8 883
315 772
88 480
292 615
352 405
424 429
78 176
425 591
408 487
447 453
168 487
196 413
472 702
16 358
375 788
177 899
14 47
718 756
153 375
45 886
234 266
386 833
392 616
67 595
106 320
60 159
336 453
392 930
161 721
218 863
404 668
4 438
459 539
372 690
247 728
657 913
244 661
230 992
14 538
186 557
320 977
62 636
253 281
459 973
21 659
296 569
79 342
544 992
482 979
138 849
247 721
160 430
568 592
273 468
53 904
155 574
31 352
277 698
439 991
248 913
282 864
542 675
211 497
582 629
587 736
588 836
332 816
337 910
109 237
182 632
350 660
158 287
430 670
52 181
233 623
228 716
266 993
49 503
382 952
454 912
207 760
560 965
503 680
270 920
252 872
55 533
186 740
636 710
565 856
600 938
247 679
437 896
922 989
135 423
46 518
584 819
363 673
40 732
60 647
443 700
8 314
334 919
379 404
159 777
790 849
148 404
459 476
66 131
179 714
147 830
85 928
35 801
352 939
486 496
610 806
173 921
317 671
34 64
289 456
149 369
573 889
482 689
750 970
159 903
339 559
177 278
51 227
215 314
126 318
311 557
157 381
61 716
333 679
3 34
576 864
210 738
30 407
359 649
128 640
398 895
715 779
308 822
545 978
655 747
54 230
330 599
166 378
166 783
544 737
144 297
253 350
863 901
630 944
8 446
283 926
105 658
90 624
253 601
454 783
111 209
773 794
444 890
281 853
536 658
140 280
749 871
691 744
263 835
674 998
897 919
843 997
384 819
901 935
394 500
255 803
164 447
256 509
635 833
335 600
283 590
154 650
677 994
38 233
481 588
318 995
559 675
266 339
265 790
530 644
440 621
38 951
402 787
670 966
352 590
281 807
372 864
254 947
112 984
974 983
742 745
183 744
57 889
522 725
208 763
579 796
339 611
14 642
200 474
8 856
703 936
763 946
360 597
747 796
418 650
181 291
53 969
372 434
281 808
467 705
858 908
56 104
491 977
423 443
263 338
512 945
633 790
225 769
323 825
540 1000
858 996
217 245
697 886
133 479
51 391
236 531
42 78
244 585
136 785
416 450
38 585
55 126
186 308
177 468
397 934
51 936
289 867
217 254
143 857
447 470
73 613
85 245
55 119
352 780
4 474
558 993
79 774
615 720
585 901
529 624
146 788
219 643
695 953
274 503
518 658
461 472
436 765
38 503
350 976
188 448
617 984
175 940
255 488
700 830
368 874
183 497
132 178
192 589
301 518
824 920
54 797
364 843
59 450
66 272
106 420
402 878
458 710
106 673
215 251
365 448
332 949
424 601
647 832
601 959
84 853
875 962
329 732
257 722
665 942
120 470
927 991
566 931
170 976
236 337
348 352
260 737
227 475
63 106
786 899
808 855
92 304
199 346
741 909
85 287
747 910
15 649
340 883
290 408
261 702
815 950
65 195
785 939
131 488
488 987
128 727
662 788
719 920
170 273
445 990
338 687
66 405
308 647
592 608
206 259
392 528
785 787
309 570
235 273
132 175
135 711
401 631
111 864
59 781
479 652
427 865
302 832
113 580
422 489
25 830
62 64
174 228
263 731
290 426
381 662
383 662
609 712
365 572
738 812
493 519
378 825
605 987
164 220
365 717
2 860
520 641
484 987
250 383
330 890
681 914
632 938
363 683
894 917
288 783
805 806
94 980
37 967
193 646
340 723
126 595
514 559
770 965
343 652
166 883
13 910
161 176
180 340
314 414
207 616
815 818
727 940
456 836
844 948
168 173
259 419
133 624
867 928
563 804
529 735
153 597
65 830
465 750
46 630
214 803
198 626
696 904
238 478
280 773
795 972
391 734
249 529
659 880
325 518
74 845
342 507
514 799
167 697
812 836
134 856
711 956
125 602
325 482
420 672
19 488
96 832
598 753
106 518
363 995
571 688
327 403
476 847
520 551
426 730
358 453
431 602
870 991
106 824
531 761
56 268
381 899
19 384
222 978
84 346
199 891
183 534
757 957
432 820
204 264
424 697
242 522
725 986
287 944
369 867
186 811
243 822
367 503
205 504
392 683
517 832
38 310
534 870
166 780
445 698
671 801
157 230
175 566
86 121
252 337
253 786
5 600
691 738
66 237
216 636
267 584
180 610
32 148
50 194
274 305
264 978
46 110
178 213
779 805
137 815
211 410
268 294
35 565
89 826
89 327
663 769
425 837
506 562
270 433
643 953
897 918
516 680
829 926
242 485
615 775
410 543
605 674
142 879
384 675
448 475
322 572
112 930
10 917
746 852
31 569
325 705
85 534
255 657
271 993
519 933
280 332
279 300
525 735
780 796
198 686
254 364
75 196
445 799
691 987
393 745
106 722
468 608
36 182
477 857
77 756
277 753
524 534
636 641
742 903
464 549
283 686
319 978
141 719
329 854
695 962
298 404
529 859
475 954
332 430
207 770
281 613
158 744
875 886
143 957
377 873
211 286
146 803
474 692
94 718
369 768
686 742
765 930
259 548
349 613
230 594
502 802
490 679
26 261
722 733
45 509
472 683
52 593
684 834
398 748
208 633
321 331
391 1000
845 877
28 291
410 738
47 970
30 668
122 905
937 991
673 949
454 971
364 845
244 960
122 702
28 910
56 341
183 871
59 992
224 929
831 907
393 692
69 140
823 994
3 274
595 694
214 778
765 805
146 567
181 793
312 1000
86 174
502 533
467 565
439 861
833 974
299 576
486 919
748 881
624 815
113 592
191 264
377 606
430 755
470 812
198 225
161 912
18 891
735 811
206 208
106 979
324 560
270 358
40 509
354 559
660 921
458 900
261 487
107 340
382 901
456 519
355 613
544 892
227 847
45 481
12 750
421 728
573 971
61 886
138 737
177 954
70 177
459 935
242 806
95 216
6 600
548 893
915 927
439 625
336 617
334 484
869 882
254 592
58 490
41 338
650 726
196 583
208 604
372 810
6 595
299 964
677 977
108 647
147 965
240 609
38 355
79 893
151 917
62 208
428 810
584 592
287 554
70 485
878 907
476 786
240 358
563 945
123 435
808 958
823 942
295 778
10 694
483 753
88 596
91 859
338 561
427 445
619 960
16 591
164 373
684 713
97 481
815 844
282 341
584 599
331 896
150 452
121 596
291 644
64 463
856 945
693 924
308 669
4 825
721 886
264 625
580 917
213 792
453 671
404 707
332 667
596 674
229 627
396 740
416 613
271 370
314 560
331 626
426 611
116 177
301 342
394 875
235 651
661 823
131 340
114 516
8 340
281 832
45 284
46 527
581 890
211 588
177 823
366 808
147 542
355 972
337 553
50 824
325 748
490 813
37 243
20 736
151 928
173 808
391 444
263 854
87 199
15 209
299 514
216 623
584 980
96 745
583 899
396 436
682 714
38 316
20 482
99 363
838 898
310 449
486 893
70 826
570 857
204 948
157 777
786 977
589 774
219 624
22 936
169 420
172 330
172 732
345 637
825 843
273 819
1 342
19 179
443 818
789 849
534 540
5 285
133 360
70 829
713 751
45 956
709 922
883 939
257 287
115 511
698 905
678 853
606 758
379 764
213 941
640 700
242 482
170 912
211 763
835 926
179 994
336 787
192 279
450 614
34 700
113 522
685 816
485 661
495 858
355 674
191 455
569 933
363 418
2 193
212 904
212 325
712 955
396 534
416 689
492 850
473 896
127 886
149 299
273 806
348 683
757 769
308 869
375 638
410 987
621 717
188 309
351 726
459 746
97 440
242 301
246 888
192 634
104 833
121 306
363 956
320 873
339 618
47 750
13 96
2 211
761 978
86 947
214 228
30 988
291 604
370 648
413 668
640 943
146 962
550 555
479 602
137 842
118 617
49 611
162 271
53 332
183 760
738 999
62 154
49 809
71 423
57 71
866 941
318 613
105 435
722 911
780 921
430 813
307 495
168 508
759 923
297 664
134 623
749 759
345 427
55 572
129 954
169 840
131 513
80 866
631 759
483 862
526 731
744 820
396 683
115 596
227 431
232 493
198 651
741 921
732 844
739 770
349 999
796 816
413 543
383 589
629 869
441 564
6 918
638 646
200 504
37 848
374 718
32 273
85 729
90 833
198 230
143 611
576 818
171 384
814 929
839 875
257 577
497 655
218 393
609 901
23 239
34 890
755 937
591 642
349 584
5 742
482 574
488 575
654 923
146 550
79 878
541 581
375 889
139 208
31 70
105 704
549 575
324 870
201 980
240 361
149 604
243 283
100 432
318 459
139 983
210 231
164 981
290 376
73 888
476 652
644 737
642 779
97 946
554 645
633 849
524 544
159 593
513 911
372 644
143 791
257 439
170 262
601 615
475 546
78 136
7 297
83 648
262 644
365 901
536 730
166 894
273 564
54 467
163 744
431 687
35 645
472 489
87 836
259 461
142 929
414 586
640 912
239 457
576 798
266 895
502 899
565 820
78 429
522 658
133 371
391 624
485 800
553 869
753 976
642 686
834 838
76 632
350 497
230 539
284 474
343 856
587 659
276 566
649 975
428 793
16 444
14 731
398 570
116 178
49 881
467 478
174 470
433 530
312 753
22 556
223 302
295 326
260 881
30 241
324 470
92 928
200 220
330 438
427 528
120 403
4 635
298 856
480 555
151 931
322 760
469 946
554 959
39 750
645 991
30 290
503 808
748 812
660 989
426 506
249 291
732 901
97 983
186 983
244 610
362 405
438 582
442 976
404 722
973 991
100 459
202 397
367 384
150 494
448 714
396 477
643 986
378 471
235 777
271 767
67 551
484 735
12 553
217 439
115 764
421 848
95 434
305 820
68 848
329 976
971 986
74 123
493 808
963 965
394 456
108 385
326 797
255 370
657 675
254 900
292 351
192 987
210 470
283 436
48 970
444 447
3 488
8 424
284 827
216 726
450 837
549 759
287 341
260 531
192 249
543 718
505 921
110 955
550 692
57 703
562 795
635 819
11 256
31 571
18 690
590 739
681 709
517 630
637 849
476 732
78 411
889 923
48 815
13 819
428 907
434 789
255 954
236 536
441 686
670 786
474 568
849 905
427 642
637 661
341 899
84 272
283 791
29 401
697 882
348 970
171 278
302 314
220 761
162 190
49 762
229 641
528 729
394 854
72 250
143 812
136 481
547 702
52 192
291 297
239 552
422 470
303 539
198 553
55 892
352 718
407 898
157 193
233 875
441 553
78 381
84 439
412 510
378 641
584 919
97 239
298 952
81 312
136 488
250 455
801 829
714 957
271 688
382 519
129 776
63 131
299 572
348 365
572 717
536 545
421 700
190 237
163 768
58 765
185 824
506 900
213 683
529 663
259 677
210 534
427 593
400 663
111 737
365 742
205 231
250 358
666 923
60 446
472 985
437 976
349 590
227 292
230 581
255 402
181 864
535 881
32 933
253 685
622 981
109 254
237 894
67 195
451 662
549 646
129 548
494 571
417 612
115 835
447 640
104 933
195 581
214 318
125 668
691 878
483 709
691 927
286 922
51 636
472 935
91 408
207 444
64 166
160 196
269 414
469 812
219 905
254 967
735 906
292 736
23 965
317 829
529 960
162 212
145 372
333 1000
227 560
343 914
372 383
431 673
549 793
436 732
881 995
787 876
721 890
405 428
605 935
738 811
66 141
11 321
88 877
857 865
89 655
434 575
164 514
187 221
258 826
810 930
254 680
27 139
43 267
9 399
275 332
269 481
344 648
398 560
80 488
61 927
156 456
36 579
475 642
277 871
704 924
464 998
303 504
747 990
325 939
285 712
718 914
850 912
248 931
65 358
69 406
34 526
619 840
70 703
553 663
207 626
191 960
657 881
602 985
801 884
552 824
221 792
19 928
43 377
390 848
83 670
83 213
693 788
238 484
184 230
150 357
61 235
639 759
677 859
507 776
219 716
143 874
292 557
833 947
700 882
112 181
221 333
104 570
377 764
690 938
336 733
194 727
139 992
49 248
143 644
614 901
426 937
326 481
92 508
755 923
759 931
302 725
876 937
277 921
671 947
11 354
271 545
291 872
644 812
542 932
447 917
49 302
708 769
33 724
252 562
203 843
455 954
351 741
11 758
857 941
20 69
437 678
609 829
372 464
9 570
394 555
16 266
180 643
417 556
109 633
98 567
342 860
364 567
606 647
610 996
583 987
72 896
511 972
96 331
738 758
120 321
781 873
241 467
355 599
306 432
434 637
493 904
