1000 2000
234 619
179 892
130 607
365 665
22 593
679 699
256 345
161 519
494 765
294 805
216 903
33 154
239 991
661 963
409 596
484 757
804 852
518 871
127 598
257 915
383 568
425 447
278 700
265 876
252 402
256 820
384 692
156 789
384 393
477 943
261 296
355 581
461 774
50 607
788 868
515 529
237 810
200 922
131 280
760 765
80 773
584 992
14 455
76 255
41 43
132 748
44 894
243 909
70 942
800 882
12 184
360 937
196 429
74 635
769 905
2 866
387 932
263 931
15 920
270 400
186 675
212 935
443 640
498 800
260 647
762 942
264 269
228 892
86 630
123 760
59 714
242 349
573 844
42 53
500 947
468 751
197 290
803 878
2 304
242 598
691 794
526 786
176 509
361 553
430 525
587 925
181 393
571 618
43 562
282 998
120 245
11 691
10 291
585 794
638 748
435 627
574 884
186 480
43 579
245 899
761 828
268 507
270 809
107 633
776 962
315 795
449 986
66 840
214 913
217 793
257 872
572 692
57 635
171 373
76 430
457 865
58 161
241 378
189 762
343 927
199 449
288 766
535 792
679 802
39 564
1 689
310 644
40 286
354 707
92 741
109 246
95 616
519 864
207 665
211 708
32 556
59 325
133 407
48 103
375 594
766 827
124 722
217 875
826 960
7 306
299 960
310 481
402 459
409 413
527 921
566 588
129 900
699 934
705 1000
298 334
48 793
54 478
183 307
276 407
216 517
295 671
187 510
186 561
688 984
216 436
218 699
365 568
310 662
452 470
27 832
391 483
526 700
358 423
586 906
622 862
657 716
103 956
401 827
205 417
278 930
335 376
211 560
105 213
639 883
250 605
377 434
569 710
648 723
39 357
245 785
231 855
452 587
342 830
182 628
365 375
572 881
249 985
343 494
328 456
471 783
572 736
240 692
47 529
888 954
101 947
62 988
395 564
285 781
690 953
33 599
857 882
255 752
256 359
55 617
262 845
561 940
164 971
238 625
830 853
740 872
119 203
378 451
363 669
156 230
35 975
238 798
138 338
367 389
116 624
351 609
301 738
385 655
6 675
205 507
139 891
211 598
490 605
496 907
116 492
707 790
330 696
404 777
531 661
161 821
73 352
663 892
722 805
9 854
286 555
87 757
292 597
556 855
43 940
267 676
633 652
160 255
34 111
509 719
232 631
564 869
141 277
60 817
388 659
867 960
61 478
486 512
51 430
86 462
584 852
17 514
613 796
667 994
14 266
246 901
617 732
391 574
147 865
455 541
304 848
49 233
305 327
2 673
43 471
389 629
448 900
233 402
656 686
577 633
834 978
634 823
302 740
387 944
572 811
295 833
226 318
356 528
175 491
126 351
589 861
342 967
282 495
301 449
660 866
238 281
402 613
118 530
527 937
238 392
648 825
223 604
399 618
629 831
44 574
542 926
174 660
709 993
413 751
485 893
358 944
70 805
36 669
184 488
152 220
79 387
616 864
230 607
250 546
378 930
641 677
71 720
167 988
8 955
155 355
522 729
447 827
413 493
86 264
416 996
237 372
76 361
353 947
263 764
358 826
91 470
951 978
22 834
294 679
333 632
634 832
195 619
515 863
129 934
113 214
332 875
260 610
209 240
172 439
799 960
357 893
375 728
802 986
486 782
608 917
91 699
539 856
186 672
629 769
81 875
227 427
809 901
112 883
351 447
540 678
746 805
798 890
158 469
698 960
382 916
440 816
332 787
296 692
283 363
303 868
109 597
884 986
573 956
666 926
225 903
712 986
105 441
108 520
821 974
86 373
644 646
8 171
64 973
235 289
698 971
625 665
381 653
479 949
66 167
502 931
861 979
169 265
704 780
243 837
89 546
90 103
533 876
37 258
151 851
631 638
143 767
199 935
145 673
97 933
315 708
387 764
320 985
559 739
561 704
175 191
42 183
48 876
128 335
92 203
916 981
681 930
209 831
682 736
14 339
507 559
53 316
40 629
404 864
260 951
310 414
369 840
331 586
48 137
104 395
290 800
8 871
153 783
63 963
101 705
329 443
239 599
192 338
69 878
621 998
516 565
157 188
30 527
362 913
235 421
458 877
224 429
10 373
72 625
295 777
459 848
119 688
393 724
436 734
19 37
726 865
271 780
310 802
225 730
27 367
429 485
804 877
767 891
17 341
21 235
195 962
147 240
240 702
253 920
63 285
634 782
121 382
686 906
240 983
3 863
356 504
1 564
202 552
208 703
137 418
437 479
592 768
148 700
238 623
496 527
184 877
351 377
523 825
360 665
522 934
302 710
363 993
751 873
199 785
630 929
295 541
800 955
140 193
31 39
897 909
292 977
652 735
462 538
523 673
164 385
400 626
846 956
134 264
563 816
305 605
430 690
372 946
31 576
33 289
14 875
282 573
119 445
637 842
783 989
4 415
480 925
373 877
317 944
84 496
488 803
73 770
185 440
116 736
880 915
196 904
470 684
534 686
21 329
95 438
499 601
43 852
59 522
137 945
175 366
479 786
485 856
366 384
475 747
367 498
639 897
571 852
185 306
209 468
559 865
162 748
628 914
119 836
183 776
846 870
645 974
940 978
613 756
354 608
742 919
377 961
895 990
109 266
642 689
254 717
264 983
264 364
584 853
292 684
316 539
373 460
339 801
121 854
249 726
213 824
503 530
359 983
160 578
304 535
140 818
175 683
18 124
492 638
274 402
118 181
112 387
338 624
464 955
291 570
134 968
216 358
507 748
324 785
221 342
205 881
150 263
291 709
2 774
702 847
636 841
817 993
376 837
238 533
279 408
174 182
305 626
103 116
132 196
768 927
576 834
167 951
35 439
381 970
435 932
244 476
482 940
398 861
183 371
175 927
419 924
443 741
99 432
427 505
175 267
847 974
504 542
655 792
218 247
255 275
71 571
42 620
18 779
387 537
214 876
473 519
133 288
463 553
7 497
67 666
197 771
58 526
256 661
28 137
302 472
653 698
428 550
378 393
127 333
772 886
318 760
15 119
759 919
248 409
205 789
16 510
182 527
651 878
46 739
361 696
883 1000
75 336
120 945
68 910
654 909
801 932
159 812
606 817
75 699
925 976
267 493
182 663
132 498
193 515
569 575
234 711
261 505
98 640
9 766
588 854
455 713
279 977
162 276
218 863
55 67
442 459
342 478
507 960
75 587
207 980
244 834
49 929
323 597
198 761
370 373
244 516
321 821
249 797
674 838
6 62
80 700
180 325
131 494
25 592
411 469
117 863
25 705
798 964
398 470
236 725
438 756
93 551
246 827
782 941
345 538
550 578
81 941
426 736
392 485
567 734
34 509
145 361
171 700
316 502
155 902
49 277
748 964
661 807
447 989
124 747
219 530
554 761
351 854
99 370
269 746
311 484
754 992
166 425
296 664
615 666
52 512
507 685
878 908
177 943
179 456
326 818
73 731
420 998
650 784
202 375
437 817
738 846
483 581
118 547
620 865
696 903
107 318
559 646
215 550
36 948
455 578
661 696
370 439
464 586
120 876
282 391
447 963
210 494
69 856
614 753
632 736
203 968
422 865
204 812
222 265
411 519
44 501
319 328
232 290
177 810
86 443
53 247
255 464
369 597
423 805
120 994
329 748
348 709
936 957
114 882
23 172
410 524
121 924
49 196
980 987
215 894
327 789
364 494
701 809
298 435
545 978
77 714
345 900
142 581
399 739
952 955
37 562
21 771
149 387
670 837
197 828
789 851
683 714
102 305
468 704
803 841
478 647
667 924
28 56
712 803
146 825
53 411
201 596
493 804
211 761
203 403
8 825
23 787
254 904
57 775
312 964
743 991
209 460
502 843
131 409
478 654
191 912
15 380
609 617
510 752
25 354
573 692
472 866
53 203
264 537
10 101
547 854
130 939
751 762
8 856
83 413
546 799
91 429
370 659
59 843
758 774
43 600
445 793
547 974
109 983
719 724
499 903
743 973
295 391
303 455
395 814
382 537
73 88
95 801
78 92
232 695
601 932
84 824
50 888
436 670
274 880
284 602
602 627
1 181
440 456
594 780
66 286
525 773
215 931
159 539
630 774
319 961
512 726
342 983
588 608
339 847
433 995
656 661
238 297
686 970
29 786
268 955
17 192
236 460
566 977
385 901
70 762
36 574
256 289
60 895
611 889
403 419
156 185
269 716
198 233
201 859
93 904
495 788
520 534
525 934
72 712
290 505
770 921
241 826
406 544
3 139
730 938
180 399
386 839
498 739
286 393
160 376
217 377
258 374
206 789
523 975
283 354
896 951
165 319
520 855
134 161
435 460
552 850
866 952
171 729
8 197
308 559
150 756
778 779
528 682
164 174
539 944
496 662
276 647
479 973
5 463
120 151
806 933
842 959
844 911
48 99
126 726
293 666
336 985
282 685
100 148
120 373
779 786
189 671
742 885
118 901
528 673
193 498
229 324
304 907
639 679
624 708
198 870
143 227
734 820
398 722
697 819
383 975
459 861
153 730
540 962
615 837
45 306
874 884
484 931
430 660
182 384
511 897
342 613
57 397
205 754
410 883
677 931
326 626
259 301
249 519
841 843
88 509
204 998
1 640
327 413
556 661
45 695
50 920
137 447
163 856
81 266
634 925
323 926
657 788
166 342
207 398
446 493
803 940
917 923
208 802
140 196
710 887
106 942
202 413
169 710
186 793
246 980
7 910
105 847
328 459
73 790
419 894
407 687
379 575
307 961
74 988
202 383
232 758
247 918
397 773
517 532
94 426
79 841
488 943
610 988
245 605
564 907
407 823
31 438
167 253
187 425
107 414
75 354
494 845
573 768
465 728
270 564
571 713
329 659
590 648
459 461
204 213
10 843
377 767
47 436
72 512
604 662
164 571
720 737
64 420
35 814
119 221
157 373
692 733
345 717
325 468
131 208
505 688
215 607
573 906
204 665
48 928
701 944
320 352
137 475
138 299
231 716
844 984
226 387
233 421
23 906
617 898
48 387
179 270
161 228
107 864
594 732
82 670
543 906
193 788
70 105
219 673
243 772
320 690
420 479
77 223
459 876
134 499
9 685
293 775
274 772
279 501
70 977
144 280
22 788
168 430
461 791
668 740
886 994
27 910
246 333
103 294
378 886
311 643
727 838
141 267
324 637
404 963
84 382
312 513
760 789
134 389
541 987
231 789
115 772
73 851
224 343
149 664
153 667
136 327
687 978
620 796
252 947
389 817
372 927
85 226
859 976
183 736
261 737
190 274
730 815
231 867
336 701
28 181
51 537
218 234
255 985
595 680
263 640
236 524
826 905
210 444
274 567
71 89
202 469
19 761
312 824
30 184
178 426
76 558
38 808
98 757
170 774
725 738
211 517
732 884
749 946
255 482
244 593
284 594
68 348
214 866
507 757
92 541
459 630
190 284
339 940
512 575
251 798
342 892
118 856
13 654
513 846
308 683
203 439
226 441
246 646
60 606
42 49
685 782
135 731
136 182
407 605
86 174
16 353
767 859
416 587
626 998
144 737
496 814
27 316
156 517
250 344
158 289
162 966
487 736
344 424
178 896
796 981
58 646
627 916
121 350
708 998
164 644
623 704
500 902
303 878
147 799
258 851
776 887
231 647
256 304
207 969
426 535
372 804
130 681
484 668
112 701
773 952
248 867
27 881
74 739
61 402
394 397
175 414
71 210
136 220
265 627
35 613
257 345
168 812
17 163
456 669
254 592
720 783
447 833
690 864
267 561
127 612
367 469
520 981
170 850
466 774
74 928
420 833
173 940
643 660
709 726
191 835
566 576
169 353
121 902
105 265
84 577
324 557
22 541
9 646
111 985
40 812
250 606
412 756
159 770
126 229
179 598
535 923
131 433
791 952
404 881
386 622
223 512
77 693
44 296
100 679
213 896
483 873
271 624
298 574
252 899
167 351
192 419
599 781
304 664
35 965
91 961
370 921
51 696
285 929
663 678
411 512
953 991
442 803
514 655
111 560
883 980
384 631
3 357
504 967
157 275
105 533
720 860
57 858
114 349
222 522
173 808
86 223
124 473
680 985
132 905
246 401
107 599
309 836
83 564
449 948
488 761
748 834
107 996
418 732
130 850
55 348
81 193
216 856
98 506
193 470
449 726
468 803
162 328
15 222
148 734
778 999
323 459
749 987
791 879
29 826
304 653
193 865
610 636
340 615
287 952
151 466
319 637
841 879
25 890
104 733
55 231
238 264
277 750
443 730
617 897
905 948
65 332
85 214
200 788
336 399
264 764
814 995
580 792
118 262
301 703
530 651
695 862
511 893
426 583
415 438
903 982
579 590
304 812
786 963
514 659
306 876
813 997
279 500
190 636
429 988
11 890
786 850
663 793
205 273
631 640
122 522
121 949
322 846
533 760
296 845
225 556
154 183
139 866
766 887
692 894
51 110
54 201
475 932
63 734
49 625
739 887
514 835
236 829
38 940
21 39
41 403
736 846
71 909
302 309
693 971
410 657
724 771
158 745
217 985
455 638
527 986
329 973
776 811
110 847
704 962
32 379
341 692
110 830
312 422
850 858
246 292
442 562
746 977
196 613
178 472
103 332
35 417
308 875
80 96
320 324
2 93
188 459
152 668
794 855
104 800
414 636
660 892
594 882
519 689
100 670
126 961
287 422
143 471
199 730
276 497
521 806
315 349
154 981
284 900
212 940
440 762
276 925
7 607
376 972
782 980
213 684
640 957
192 591
62 590
27 568
173 984
706 895
325 685
72 340
93 332
273 584
93 680
461 633
351 677
379 519
786 902
821 970
141 295
537 674
2 664
739 954
21 428
649 748
545 920
141 835
645 888
225 271
320 966
389 788
923 945
136 190
87 603
71 509
511 703
282 635
619 702
379 687
97 243
297 932
316 347
135 444
680 729
521 673
174 807
271 829
365 584
828 922
271 930
661 673
774 929
331 585
615 761
118 819
467 911
251 804
271 612
182 540
336 657
652 655
156 990
72 107
20 907
245 293
389 576
676 766
373 539
28 892
325 664
515 959
897 933
920 951
21 843
9 376
247 871
322 346
582 787
566 761
243 964
427 867
859 868
898 997
111 398
572 583
78 136
120 532
174 234
603 948
286 480
109 932
76 473
115 389
228 313
140 797
129 468
81 390
43 644
796 907
67 183
428 954
358 417
751 897
10 192
193 747
527 698
13 256
275 732
423 492
152 710
102 224
582 611
549 601
198 948
384 932
907 967
288 570
509 670
291 384
4 516
616 670
946 957
56 662
62 314
393 705
943 962
163 404
118 392
27 62
536 883
497 723
385 857
832 884
289 696
403 538
81 257
305 438
787 896
689 837
137 717
267 427
325 747
144 318
478 657
262 354
216 310
142 745
306 939
145 932
402 810
702 940
150 471
150 792
49 874
691 848
217 729
53 574
119 198
840 986
340 379
177 356
348 459
238 741
384 591
190 482
192 434
9 521
526 941
268 997
630 956
204 668
830 952
230 851
584 589
91 152
645 984
133 366
464 571
239 527
349 518
116 823
191 649
49 391
487 952
552 639
375 955
411 831
786 865
626 983
408 668
528 808
429 890
433 692
95 697
133 343
528 839
466 842
514 742
198 263
128 207
36 456
524 984
529 697
801 905
129 670
721 849
120 574
430 453
149 547
43 833
68 863
731 764
76 322
558 816
199 388
479 729
887 941
621 800
365 963
10 556
165 929
259 794
522 809
818 909
35 886
731 757
396 640
354 970
226 288
45 231
799 888
341 875
365 811
152 211
88 123
638 905
36 176
113 514
169 971
406 936
151 623
560 570
156 199
41 212
119 413
482 830
277 465
248 682
40 854
292 591
845 889
573 714
298 524
66 918
527 754
287 692
57 355
711 801
107 258
16 195
19 206
335 423
66 258
454 878
272 492
842 927
735 838
277 474
371 499
301 420
506 771
268 857
503 770
498 808
390 730
118 767
156 166
211 459
374 533
146 396
73 609
151 637
64 876
541 939
281 541
433 713
984 999
666 905
316 770
233 511
487 637
970 988
73 812
205 577
261 394
351 711
140 423
512 787
53 291
93 908
962 975
543 960
231 659
270 801
348 800
496 755
261 919
70 221
96 658
263 752
602 721
161 362
215 667
94 903
186 338
155 187
377 708
357 427
198 426
548 977
184 729
271 529
435 456
436 506
24 338
17 578
320 936
14 959
366 702
8 490
470 744
111 165
378 666
808 971
642 715
849 895
166 611
16 120
895 917
141 746
95 774
26 500
858 886
105 227
164 653
313 417
991 994
423 924
395 614
295 897
497 647
802 992
15 424
398 718
276 964
310 369
148 532
220 247
778 942
87 507
805 898
256 599
274 641
387 418
299 862
13 921
72 181
469 925
770 865
295 958
331 577
560 858
585 934
216 661
213 621
276 963
225 619
542 888
83 651
289 313
228 592
66 141
47 413
492 554
418 920
849 977
233 706
509 970
101 128
504 588
747 985
80 202
264 897
92 399
77 104
24 76
261 662
406 412
478 676
803 825
324 860
256 724
78 871
280 357
69 207
821 901
404 548
521 883
160 303
788 898
736 782
238 370
357 981
35 538
532 686
863 938
495 652
388 988
340 415
234 985
471 916
219 496
60 948
528 851
321 971
253 571
472 532
71 622
576 591
867 938
35 201
456 989
416 656
552 626
476 512
473 929
222 633
210 490
466 896
124 959
35 86
201 879
142 485
38 193
884 993
482 768
340 595
640 681
477 592
633 989
301 739
161 635
143 192
460 990
135 970
943 979
420 871
594 931
224 479
226 888
269 983
452 457
317 971
48 758
234 308
252 571
736 932
205 501
392 686
564 780
471 605
137 766
70 986
362 547
698 908
274 727
4 935
210 729
232 929
543 910
551 729
346 648
148 743
130 438
385 617
98 943
190 196
173 372
110 945
206 452
425 611
116 756
29 203
66 906
677 687
217 859
165 982
223 734
707 718
82 855
712 728
415 658
611 670
43 253
322 706
480 928
225 867
473 780
611 937
61 472
722 937
267 377
165 388
789 911
576 986
149 288
779 863
462 786
137 163
548 951
108 159
628 998
26 749
