1000 10000
266 351
271 994
129 973
609 621
7 996
105 478
34 834
218 231
548 728
273 762
76 201
481 895
320 571
363 639
894 937
397 665
75 259
21 937
497 501
27 420
618 919
69 801
804 852
290 922
424 664
151 991
152 935
373 731
181 548
5 374
78 852
138 681
178 874
89 445
255 360
91 731
203 389
593 637
204 986
647 856
766 892
69 468
857 896
239 996
114 939
188 422
166 501
387 488
26 168
390 953
545 732
13 414
254 306
571 604
314 751
306 379
19 866
3 297
168 360
75 570
121 328
283 553
267 364
31 223
435 658
754 972
131 653
520 620
144 256
568 888
427 755
64 727
673 767
724 891
853 857
712 835
90 603
239 382
383 558
205 314
867 917
362 855
399 494
293 855
113 603
572 678
590 919
353 632
250 992
306 782
626 923
57 364
167 979
405 938
102 748
57 800
402 736
116 568
820 958
95 642
25 744
318 423
104 111
747 775
363 714
471 671
700 843
534 955
99 340
7 601
323 412
177 886
91 1000
579 879
507 856
364 839
476 777
807 839
97 708
367 700
540 834
92 857
916 973
106 685
787 856
628 810
537 877
312 696
79 754
227 295
714 831
640 950
199 821
255 413
75 875
277 539
190 520
247 553
782 844
201 977
701 900
633 822
407 793
88 381
697 805
112 323
93 244
187 371
541 876
616 819
474 973
326 858
440 853
58 652
628 750
542 698
173 205
283 565
178 293
399 703
606 829
172 267
62 947
663 671
41 756
101 268
375 701
500 831
928 984
379 678
49 161
339 507
676 794
551 670
608 944
349 558
295 348
6 785
102 942
287 776
368 772
517 683
582 631
404 411
78 310
51 678
252 253
452 495
163 532
60 936
648 692
12 887
551 802
682 927
57 106
829 988
189 637
206 517
372 821
263 582
30 343
682 814
83 855
800 829
873 921
468 667
394 514
159 774
111 505
21 993
389 781
502 910
553 676
221 558
26 556
8 111
155 448
528 870
709 809
433 742
139 852
231 426
585 740
627 885
313 765
16 296
144 893
566 784
567 701
2 375
58 991
633 865
594 652
421 752
61 329
62 738
398 672
183 858
123 865
325 485
309 992
145 647
465 738
136 862
230 418
875 923
340 742
567 865
344 737
182 257
150 355
334 508
233 239
269 623
449 775
71 948
2 733
573 658
354 924
278 630
153 351
505 876
654 973
564 686
11 230
86 702
379 416
534 662
777 931
6 31
336 413
86 809
34 972
436 968
328 753
539 873
68 755
696 700
267 606
329 949
290 661
273 541
368 669
630 837
204 499
117 830
596 989
25 672
178 658
209 476
674 894
325 722
252 342
74 594
97 659
41 299
4 953
406 637
133 219
389 865
194 475
584 591
53 404
184 349
373 887
28 86
156 899
891 998
160 454
200 967
518 593
31 678
624 874
202 208
58 768
477 842
190 625
106 628
452 536
35 560
878 962
662 767
370 897
95 444
39 852
494 971
334 540
266 708
508 791
73 214
398 525
80 794
156 583
636 743
527 624
625 626
425 610
135 827
84 801
671 810
344 765
112 617
332 698
29 630
598 905
140 817
492 944
491 527
664 907
771 977
202 630
131 590
41 716
187 246
340 984
328 928
110 498
129 177
664 826
42 626
479 731
137 670
707 892
51 960
33 349
547 967
789 910
500 533
200 329
163 607
113 664
111 125
243 301
371 736
122 678
525 789
436 940
117 865
703 942
685 719
155 588
502 677
156 291
643 819
647 663
13 759
363 638
381 745
57 787
464 763
69 800
587 687
19 203
95 988
80 299
173 770
13 985
271 417
498 617
562 626
356 543
256 821
23 369
423 699
62 457
178 250
105 938
165 960
188 423
268 463
240 798
61 256
135 633
10 786
545 723
156 564
412 942
2 174
496 711
650 834
558 843
407 869
379 974
219 569
149 798
205 582
560 603
33 829
555 976
407 587
379 812
182 201
23 539
120 128
598 917
505 970
755 806
21 54
426 550
284 904
375 585
431 843
323 946
30 188
362 852
401 876
42 598
719 816
133 701
478 902
211 521
552 587
453 716
76 441
68 789
307 759
180 367
582 667
60 901
449 666
489 649
509 598
635 904
834 879
194 206
656 967
472 980
199 355
403 422
276 920
406 987
481 922
4 851
761 850
468 640
394 623
215 661
570 900
43 780
118 448
333 618
317 357
51 265
308 408
570 631
437 572
442 918
459 988
385 913
49 856
92 858
291 743
373 815
196 808
468 981
675 845
199 935
718 941
518 537
61 66
300 766
378 966
624 946
184 627
757 890
134 929
35 456
145 376
537 910
244 978
120 736
266 668
822 953
417 792
418 563
404 514
412 801
2 37
239 590
130 238
6 613
63 668
390 708
671 861
935 984
335 840
70 495
611 729
49 160
12 300
106 403
180 958
681 939
409 744
506 812
106 290
362 840
38 647
681 820
668 778
542 887
172 185
780 952
115 385
43 172
150 640
264 559
284 690
259 852
315 944
704 785
206 667
534 981
281 881
47 514
247 426
484 936
398 472
208 922
248 919
264 924
100 152
484 831
838 922
164 701
255 636
165 324
209 512
35 936
511 855
151 774
619 678
139 966
29 422
52 889
860 976
352 915
153 678
30 784
307 429
515 752
53 593
60 307
558 566
726 888
197 358
126 596
35 535
217 344
66 591
31 995
224 443
615 737
205 957
370 892
64 451
585 807
81 512
461 740
10 524
50 829
676 936
93 874
331 957
211 739
345 853
163 836
292 544
595 841
617 769
86 588
50 750
755 911
445 675
284 615
506 947
341 626
198 933
509 828
424 866
223 626
760 870
206 836
212 769
452 460
445 901
376 734
20 383
220 983
419 874
217 847
381 708
146 437
256 413
100 188
52 63
17 672
18 251
181 861
308 417
441 512
170 462
526 803
601 866
86 234
494 639
304 931
194 331
821 926
762 902
680 685
536 657
299 797
619 928
50 413
53 806
41 230
44 707
250 308
788 834
18 718
184 666
735 879
689 899
326 784
455 948
24 990
706 914
177 192
589 827
1 306
241 917
59 228
900 982
387 573
227 826
192 387
598 799
344 766
724 865
598 910
339 453
569 928
2 783
258 677
617 876
413 839
305 326
306 665
162 457
96 333
270 611
436 655
534 704
363 962
290 468
574 636
333 402
526 707
251 777
18 426
199 489
441 977
152 284
431 746
219 324
38 824
203 891
226 568
134 495
651 723
377 956
228 414
29 219
587 721
56 103
751 802
743 978
579 885
338 832
389 836
118 276
583 826
515 554
274 388
535 567
79 619
99 105
282 907
247 801
636 832
588 931
493 673
238 540
278 439
647 858
130 374
226 239
689 717
527 945
218 891
112 202
644 883
314 634
387 490
61 287
391 402
32 523
308 872
239 708
37 278
892 894
732 971
123 955
418 671
296 831
118 754
728 802
488 711
505 751
378 615
249 769
158 724
750 786
132 951
673 765
28 908
358 399
270 861
309 761
698 792
112 741
707 970
390 394
581 941
140 677
509 898
185 820
292 632
133 700
6 186
119 583
137 697
270 639
966 1000
492 699
275 295
202 845
21 279
112 963
116 907
337 930
210 432
561 770
197 694
785 954
391 538
177 906
837 998
454 650
113 788
534 974
411 709
341 780
751 977
75 336
803 904
185 353
338 917
122 780
375 466
352 793
494 580
576 761
412 463
30 938
161 585
570 743
40 934
114 747
423 713
118 227
100 938
799 838
450 553
239 917
443 656
335 358
30 836
382 903
28 445
268 492
839 871
179 827
187 260
496 661
88 383
287 289
331 549
116 277
575 782
67 971
73 126
589 882
274 831
370 680
135 770
323 738
127 772
519 664
560 983
353 847
315 390
560 934
63 637
345 888
271 608
309 733
291 382
755 773
578 790
387 787
621 852
270 680
258 540
335 542
397 795
859 912
492 671
3 848
133 801
224 681
15 269
384 857
220 605
276 863
441 920
43 60
794 924
216 664
405 686
65 949
502 738
208 923
743 901
337 569
397 735
234 835
424 707
743 794
299 645
293 495
464 595
47 208
618 892
218 622
588 916
259 416
714 974
142 367
535 748
22 897
278 383
504 958
247 926
286 794
183 694
292 399
60 163
575 588
322 738
692 936
554 969
3 69
593 869
300 513
580 841
196 690
72 608
473 743
611 905
98 716
706 911
157 825
193 736
214 970
488 752
158 626
145 645
185 688
239 621
258 444
63 691
83 209
139 355
103 178
15 828
127 824
6 977
667 905
45 117
136 815
103 259
162 307
141 546
417 502
936 950
349 671
98 897
281 359
335 988
393 637
427 829
430 576
73 709
44 66
483 738
492 876
555 598
43 378
306 980
402 663
510 588
59 756
119 444
16 705
492 530
371 695
561 987
690 769
394 450
472 542
574 675
276 994
213 265
674 781
472 909
74 961
960 994
100 189
605 904
696 924
308 418
643 759
222 360
151 948
99 511
433 695
51 320
446 739
322 437
52 862
442 830
26 433
208 564
212 420
70 846
87 868
408 881
135 646
374 496
429 997
199 767
24 769
277 593
260 897
670 844
378 878
197 490
71 449
473 594
737 813
934 961
36 936
199 652
455 550
439 445
62 668
254 356
1 384
218 902
370 865
222 966
611 933
575 838
106 167
608 685
20 523
741 975
390 653
616 924
11 888
905 959
253 805
179 702
771 834
149 986
645 933
150 269
336 575
318 995
724 866
41 673
470 558
16 865
77 328
280 918
542 914
814 855
284 934
229 413
345 688
362 894
1 76
245 931
300 440
102 884
335 545
267 769
237 531
56 556
772 802
314 364
890 975
245 852
431 919
307 669
436 831
128 504
626 965
133 889
29 952
51 736
534 547
226 582
651 837
30 258
968 991
218 226
254 764
95 824
647 657
319 800
268 822
394 585
587 720
169 975
372 926
561 673
319 689
601 972
273 793
41 261
276 740
152 938
47 795
817 904
329 514
381 969
169 233
133 334
446 671
585 721
486 600
507 927
313 714
903 963
575 678
459 784
304 735
339 838
213 865
308 587
493 561
300 683
47 494
50 446
566 990
161 895
130 486
166 488
117 118
123 973
398 751
737 841
519 913
277 486
153 808
689 942
102 325
13 492
110 848
370 645
187 473
296 800
101 563
27 688
266 984
178 316
179 621
679 904
546 755
767 851
435 772
440 922
516 763
6 921
617 702
444 718
393 548
767 800
146 788
237 725
461 909
867 918
244 291
101 358
500 853
81 873
729 857
343 425
272 630
113 600
681 990
167 895
719 818
116 869
211 523
121 649
253 412
626 918
272 645
439 619
444 899
64 871
358 633
197 693
458 887
95 638
152 458
189 741
321 469
673 824
138 165
51 764
432 586
15 345
4 718
63 109
467 876
12 989
677 737
682 841
402 897
423 789
25 670
9 33
561 636
656 840
882 944
609 872
282 714
181 660
256 757
259 310
591 985
705 794
62 137
192 755
282 637
393 444
269 337
227 475
23 407
649 860
524 600
304 763
32 842
308 559
164 351
644 961
22 853
61 177
389 746
17 171
145 382
473 537
849 994
154 452
11 597
156 538
670 900
568 586
680 900
109 726
173 185
309 905
550 761
418 672
370 681
63 670
707 762
858 882
474 635
400 874
93 915
25 115
139 215
349 698
22 256
153 471
529 604
162 415
223 890
98 877
137 587
366 790
292 669
168 643
815 983
10 170
180 734
90 860
2 534
78 309
177 548
15 268
72 334
552 952
510 672
587 954
364 625
346 996
329 926
73 868
596 964
48 678
378 437
228 343
159 771
143 398
700 985
76 99
170 488
498 973
463 621
27 353
411 974
123 472
674 968
342 826
744 796
156 954
104 507
344 394
329 474
753 978
610 957
188 267
264 331
69 536
680 691
143 733
183 512
308 668
169 434
408 790
260 799
459 728
464 882
429 896
503 563
35 537
52 665
217 350
308 515
92 606
148 856
169 451
321 648
348 871
311 365
22 224
465 965
474 829
870 951
603 872
158 627
325 482
110 776
495 982
280 669
512 984
1 325
720 859
572 916
594 828
353 874
211 372
250 722
72 174
749 780
629 854
577 955
229 376
301 795
73 708
1 103
590 931
685 949
312 507
189 843
210 486
10 78
157 237
547 957
876 951
181 231
110 311
82 684
467 966
428 448
690 943
601 676
29 979
397 911
552 916
110 166
3 988
479 791
150 797
601 725
12 790
142 669
74 895
57 139
111 312
207 953
243 624
134 257
123 134
752 758
215 750
381 706
610 652
94 517
42 96
276 594
329 660
256 526
482 490
619 759
138 558
804 899
52 936
477 677
38 478
812 817
321 842
123 706
406 461
101 939
190 628
283 434
857 985
549 947
507 720
19 620
41 228
154 397
390 977
545 564
404 597
283 720
356 954
602 958
126 336
415 439
36 56
349 431
421 610
740 768
488 749
14 979
328 374
577 613
11 891
50 991
505 578
140 861
21 174
295 515
174 388
327 882
590 780
367 413
28 985
110 497
242 793
719 857
8 801
99 864
279 840
525 560
180 743
487 933
681 882
168 859
427 966
391 675
180 662
237 931
65 594
691 770
122 677
458 675
574 717
480 955
513 891
643 820
423 880
371 515
531 907
108 694
125 624
130 816
437 692
898 934
215 611
91 561
535 960
60 544
423 598
212 731
359 596
17 275
363 401
131 279
247 803
30 991
593 625
5 643
143 533
170 597
619 910
321 711
641 864
508 967
40 121
3 15
97 888
408 765
61 285
210 697
44 673
66 693
178 475
141 165
309 771
74 152
168 221
723 781
170 887
98 258
541 644
361 716
89 637
71 565
59 149
832 915
157 736
875 983
16 160
457 882
516 597
166 858
116 465
222 562
62 923
447 619
323 665
197 880
20 671
115 795
59 115
261 723
297 810
141 617
6 809
332 959
242 829
388 633
387 838
278 573
409 642
7 145
318 329
927 977
626 998
573 953
74 804
95 654
243 443
150 965
635 909
209 383
200 582
347 489
502 823
263 751
191 409
643 718
74 617
678 869
299 552
543 837
51 187
821 931
460 509
74 331
19 454
653 827
71 362
408 682
558 904
338 471
122 305
340 488
469 716
70 177
623 943
644 736
117 250
157 851
49 362
233 469
452 881
20 605
58 648
366 731
153 180
119 993
771 780
131 749
334 484
814 946
211 347
598 837
767 886
418 899
715 923
20 691
775 957
79 336
390 485
391 948
16 938
162 412
629 994
285 322
802 876
340 787
68 86
642 773
292 670
167 866
258 538
612 619
159 462
107 905
328 842
402 689
30 441
565 812
17 782
837 984
752 892
159 748
9 243
803 985
40 727
458 586
648 918
96 691
705 731
544 711
493 948
458 477
494 503
132 158
151 914
133 227
687 716
117 632
911 916
734 745
553 680
618 890
285 601
265 533
106 653
605 757
473 858
218 543
493 615
4 374
779 824
135 668
66 987
89 362
415 700
183 688
44 730
615 653
183 801
294 634
297 422
102 435
266 703
249 989
269 824
148 703
295 824
210 784
447 973
182 362
111 560
257 833
404 912
728 796
875 927
289 592
568 837
542 549
449 874
158 786
140 777
24 274
188 541
120 187
690 763
90 543
295 380
8 774
353 587
245 973
160 705
380 868
721 864
738 862
372 448
397 829
368 947
612 670
561 840
411 609
63 198
711 730
453 786
384 807
168 926
119 303
502 605
160 798
582 881
397 543
604 985
381 592
123 153
584 661
88 560
752 759
161 420
18 359
259 595
169 977
574 816
630 712
144 657
252 338
695 720
687 736
360 979
40 977
75 120
294 986
226 996
406 736
282 946
173 683
36 613
408 964
98 170
498 720
282 805
32 772
89 469
518 996
443 730
463 791
545 602
36 859
149 548
386 950
101 827
317 878
173 478
486 879
72 527
662 866
866 905
616 736
637 970
374 656
106 786
32 593
54 530
435 524
135 823
157 795
177 197
378 590
508 753
328 375
166 831
232 723
620 958
34 441
70 411
71 886
612 894
659 807
555 662
940 964
387 988
707 979
188 545
358 369
505 931
642 858
625 946
111 923
278 534
120 326
102 874
506 867
621 794
529 692
271 715
458 974
183 495
850 872
121 860
711 809
638 795
401 678
73 961
38 605
238 389
82 657
86 841
553 804
682 960
223 480
138 798
161 471
808 886
220 950
591 673
276 896
87 454
159 821
307 859
553 599
420 602
242 444
632 780
27 296
298 378
874 925
290 774
184 381
437 597
117 673
397 455
722 916
869 963
69 479
108 123
536 752
277 514
792 794
153 524
796 802
9 592
162 834
45 759
175 276
527 547
602 992
623 906
831 909
206 442
580 643
70 229
245 321
230 415
139 348
451 478
884 936
222 563
81 589
262 410
33 930
404 831
141 616
241 656
275 586
132 833
375 581
945 966
46 735
180 597
629 958
719 828
388 634
153 283
281 462
599 858
362 739
293 803
310 835
516 938
220 709
258 934
223 550
171 395
172 864
449 749
565 727
362 626
254 572
133 859
552 877
147 211
475 686
198 642
167 189
151 536
834 922
643 672
613 814
333 614
100 887
464 731
104 370
360 924
105 735
476 774
296 420
268 570
142 231
553 732
152 823
652 656
579 624
322 507
201 762
408 828
300 762
373 988
762 957
9 739
726 848
390 892
402 466
120 629
32 955
398 606
532 888
443 883
44 646
27 880
156 532
50 51
265 811
658 946
455 1000
25 343
297 474
304 426
28 717
432 462
106 253
196 383
35 187
119 913
211 346
909 933
163 223
55 85
167 575
810 954
283 854
177 495
79 448
33 680
250 926
181 272
517 662
171 358
772 996
699 844
384 941
242 945
189 662
6 52
604 839
253 303
626 779
694 961
381 474
510 678
475 797
186 728
384 860
162 238
362 598
354 582
484 965
263 556
15 447
276 969
303 496
68 555
198 750
656 807
208 926
65 827
434 464
38 214
100 875
281 919
855 901
674 966
513 588
329 591
302 410
400 494
147 683
361 847
89 504
456 981
239 938
493 614
248 599
464 884
162 795
307 478
292 394
98 489
156 713
343 969
87 931
24 855
774 909
404 691
689 923
508 895
183 849
22 81
487 511
129 285
20 626
274 798
827 866
44 392
880 1000
129 398
3 501
758 969
427 673
194 684
383 540
367 379
171 676
854 891
340 961
181 451
110 475
145 821
44 61
392 678
124 755
129 217
223 745
208 318
150 561
427 988
559 863
300 358
466 634
409 633
212 781
48 358
489 692
107 773
396 800
223 399
264 862
281 672
122 766
781 999
63 86
394 449
51 566
319 952
458 540
246 599
358 865
539 650
132 236
65 775
144 658
142 957
307 894
74 607
643 760
705 855
338 856
381 802
22 582
187 901
338 747
246 480
173 682
229 766
657 869
313 691
244 705
8 159
230 948
307 397
386 772
79 689
464 848
107 200
182 698
913 942
109 523
93 134
240 838
473 599
683 708
170 913
135 929
670 962
247 669
162 513
644 697
330 347
478 595
303 524
880 901
383 722
240 548
331 895
905 956
323 703
175 710
140 863
93 985
404 804
79 154
387 590
45 86
309 737
326 577
185 947
418 968
399 611
59 966
775 900
6 835
376 834
466 828
305 378
34 152
625 945
112 844
208 395
63 775
82 364
138 426
638 905
305 459
90 867
676 686
76 402
497 931
21 511
8 946
267 915
363 966
198 901
254 513
54 377
4 582
389 396
109 359
551 784
424 977
96 542
209 273
267 625
252 401
18 313
454 573
385 750
433 839
450 831
126 980
513 539
53 322
240 343
151 981
282 612
601 834
127 458
347 730
97 547
131 281
903 943
316 779
406 653
299 607
100 946
583 967
514 714
271 477
251 407
515 716
477 937
465 865
45 613
14 736
18 671
4 478
633 796
169 281
390 947
443 854
740 960
434 943
718 743
184 698
121 225
488 700
162 549
236 758
611 962
131 866
193 685
175 629
129 325
383 758
40 296
2 973
6 525
335 883
139 172
110 689
693 766
599 740
819 988
312 454
225 591
300 415
154 581
910 992
68 899
106 346
432 879
362 736
281 638
428 507
376 572
414 802
253 266
20 221
24 152
150 872
467 896
581 604
15 346
81 298
63 110
51 622
432 732
423 790
208 947
264 997
467 734
582 969
342 797
950 988
165 316
256 712
420 639
773 957
299 554
48 874
468 867
437 936
23 291
499 847
647 805
812 868
49 940
468 978
126 722
397 490
718 950
536 606
459 817
460 590
193 333
247 950
528 542
127 204
184 632
169 484
675 942
253 678
197 286
291 857
455 602
331 584
95 499
784 854
69 212
184 854
831 928
23 231
671 715
111 542
438 826
679 984
44 421
210 957
230 440
139 379
231 977
125 334
568 939
606 807
37 616
353 835
282 321
383 635
337 343
928 990
177 494
289 660
516 873
96 154
104 757
232 458
86 549
285 320
505 858
11 99
99 954
271 770
56 999
168 789
466 550
621 626
397 872
552 955
111 176
829 869
534 639
479 828
99 664
67 182
329 899
260 311
69 961
431 686
506 749
161 414
730 909
158 402
111 406
159 780
34 759
94 447
77 691
427 460
484 651
428 803
604 644
368 420
446 715
322 429
400 495
146 255
471 780
442 806
285 712
93 415
61 97
355 412
382 935
662 725
240 972
224 449
19 597
499 585
264 428
504 817
134 902
107 124
240 859
644 710
455 860
357 990
608 884
182 283
555 799
77 463
223 933
214 680
659 781
55 440
239 335
295 489
261 553
44 175
150 468
559 632
563 637
237 666
823 951
607 780
21 105
258 589
257 402
245 971
544 825
355 544
634 797
48 392
376 517
379 422
17 863
551 926
113 758
958 996
856 874
466 522
711 724
87 222
162 243
163 566
256 372
96 627
258 798
431 733
51 569
39 40
225 962
25 682
119 222
285 872
215 747
678 705
34 680
61 705
526 949
142 898
181 856
695 722
368 369
91 982
4 935
540 785
423 943
463 578
394 691
325 621
640 679
571 909
678 931
70 672
368 448
938 948
114 732
9 856
528 952
191 544
246 481
566 724
255 381
146 227
80 611
485 980
731 900
347 927
154 281
757 829
460 741
210 720
482 813
88 140
201 915
297 384
495 902
24 547
280 589
153 193
106 163
435 703
754 931
166 829
746 851
267 470
286 310
206 233
79 357
157 571
12 354
103 291
90 590
34 294
111 820
168 544
189 906
116 158
23 610
194 544
104 702
572 665
521 665
194 595
85 826
229 490
345 549
362 653
197 588
272 669
538 648
206 826
108 892
825 860
113 658
224 597
246 918
247 331
46 786
307 526
388 821
690 801
655 785
547 696
293 752
591 675
26 989
307 812
316 550
260 414
156 223
359 960
32 469
252 368
604 733
40 544
536 933
22 752
312 837
60 547
481 594
795 944
388 506
579 777
709 858
558 657
408 947
251 313
30 962
397 453
56 313
424 445
494 655
265 595
446 530
726 842
503 583
213 877
36 746
204 544
499 912
193 273
412 565
292 451
801 835
322 806
16 389
36 968
866 939
25 377
97 238
170 882
45 774
597 809
317 993
69 128
110 852
348 985
404 987
233 399
625 737
274 871
684 754
184 921
488 603
693 844
110 694
366 540
441 459
409 869
500 802
124 598
715 833
111 840
663 737
399 503
177 675
505 814
197 544
72 455
612 705
186 339
349 997
405 947
9 506
137 269
371 853
449 739
357 426
259 894
367 769
114 209
350 701
103 779
87 134
234 694
8 653
544 591
359 774
540 699
61 664
215 512
90 299
368 441
442 912
167 413
528 881
66 208
639 701
131 372
773 973
540 968
653 679
450 546
312 703
26 501
335 365
778 932
322 616
239 769
264 433
87 921
770 871
164 170
112 235
421 709
403 838
460 813
446 872
801 879
224 260
187 392
404 520
226 494
567 997
560 637
98 660
121 365
232 670
2 942
131 750
478 699
542 716
387 632
27 513
334 491
361 463
345 978
872 989
335 967
598 971
291 357
326 654
210 367
232 459
197 627
402 541
592 603
113 632
242 860
77 157
287 646
197 516
457 687
43 162
64 839
341 969
195 511
752 992
327 746
534 636
665 707
280 287
328 555
186 585
480 870
544 619
543 631
125 580
18 382
324 959
419 965
647 725
302 702
35 961
108 761
795 971
281 917
235 518
312 893
807 864
57 958
756 888
522 656
173 836
632 838
88 996
360 521
178 858
117 359
99 164
209 804
361 845
161 985
409 455
718 770
443 800
524 719
120 659
174 944
145 350
53 893
221 491
224 433
126 312
788 795
75 618
165 740
701 786
28 700
892 931
241 995
183 960
282 307
373 498
598 757
380 530
641 760
336 584
29 619
36 373
755 887
112 723
606 659
24 277
281 362
525 695
214 536
729 868
659 893
71 941
201 387
55 296
392 680
281 283
621 819
345 712
91 508
538 693
595 828
525 921
789 996
204 260
284 748
263 509
506 556
876 962
237 844
293 586
223 393
142 865
181 901
333 714
25 681
462 918
53 251
660 853
570 983
169 982
132 238
173 902
69 821
88 674
643 762
313 471
4 928
133 196
155 308
194 466
382 663
164 558
113 130
385 979
227 390
528 953
126 664
52 859
473 778
221 700
147 713
562 728
709 903
288 369
71 158
201 688
58 779
257 742
165 981
41 95
27 28
389 669
528 615
508 959
52 633
37 235
348 720
24 774
386 949
369 715
14 693
236 381
680 945
439 440
594 619
188 248
26 207
675 758
286 533
396 461
532 929
438 880
455 946
598 678
267 376
488 721
343 717
295 686
974 977
192 409
720 827
148 444
295 575
314 932
379 758
505 567
34 295
128 800
239 354
232 500
659 665
146 956
642 857
145 791
234 433
181 342
457 662
816 987
318 337
651 922
219 444
43 234
108 908
604 777
696 752
60 879
756 764
369 504
397 512
378 489
587 727
234 885
238 853
462 797
47 945
583 675
126 986
587 676
169 835
373 675
526 769
485 789
216 226
821 843
593 740
152 990
762 821
173 652
504 541
213 251
605 649
622 793
346 540
19 430
94 150
536 580
848 950
30 850
674 750
514 635
278 312
670 770
378 796
213 989
97 892
153 898
260 610
61 281
143 823
718 741
774 843
44 556
546 810
249 922
50 157
107 468
110 853
939 973
598 706
12 33
641 695
162 658
272 318
182 337
184 922
40 298
701 715
331 797
306 597
441 458
884 986
611 674
115 799
702 923
853 865
417 433
56 751
550 771
201 458
497 611
3 604
104 667
211 673
138 509
215 249
237 609
272 619
38 658
845 866
833 890
153 280
470 809
238 309
2 527
668 684
335 689
111 158
266 379
466 723
177 908
364 522
592 813
441 864
142 968
18 170
570 911
385 889
27 408
122 790
91 529
313 527
955 968
134 751
268 565
490 997
397 407
571 948
821 943
330 842
705 910
100 592
709 974
286 913
195 892
37 65
4 158
117 307
283 449
549 998
416 750
164 324
308 564
95 364
425 880
692 978
149 601
187 282
301 366
303 736
287 303
365 871
728 917
158 536
533 564
36 124
241 966
827 859
330 401
73 96
245 290
270 993
128 970
73 497
10 482
410 440
11 903
12 340
16 799
418 927
241 800
422 895
659 864
767 963
163 849
101 133
341 758
214 620
33 685
306 859
272 599
57 295
203 765
94 982
544 799
449 605
142 616
828 939
958 974
8 588
108 837
220 603
868 991
190 295
963 997
29 123
690 791
364 622
401 508
228 461
341 810
267 699
472 951
565 970
381 569
865 928
94 530
256 392
458 630
80 204
647 724
354 423
302 703
69 848
143 405
660 801
424 713
433 653
296 387
403 681
208 703
17 479
329 477
184 312
98 130
904 977
86 419
895 907
398 799
460 620
463 831
50 496
714 859
89 366
348 717
311 507
75 783
457 498
26 377
248 457
66 582
291 887
74 77
187 294
443 912
136 616
11 628
448 778
796 916
1 446
697 841
737 884
408 424
597 736
184 995
239 472
702 960
607 616
519 762
242 524
900 904
119 886
612 838
449 878
841 912
676 983
115 215
663 699
222 665
512 763
305 339
91 334
183 278
77 303
405 776
79 417
189 838
320 923
65 728
559 856
279 912
772 987
185 231
113 756
96 390
372 627
321 487
66 290
401 591
543 709
530 548
358 917
90 95
146 285
163 649
458 539
609 969
596 997
267 679
613 786
248 954
41 275
78 726
874 933
319 744
364 903
237 399
40 981
57 985
476 713
762 798
467 502
212 307
416 840
201 550
127 416
330 898
378 918
731 902
71 153
614 781
779 856
321 766
430 456
197 323
757 827
230 661
300 995
671 764
176 721
213 538
162 540
303 664
254 366
92 349
550 683
697 869
282 485
304 373
505 724
89 917
413 574
128 946
339 458
710 734
289 850
399 413
914 979
37 768
93 760
99 871
500 750
391 777
581 835
401 777
181 341
73 628
241 458
544 839
154 671
393 893
135 260
431 925
158 191
110 212
94 825
204 297
256 338
425 445
479 886
359 796
30 260
643 827
381 624
630 697
635 853
246 694
104 139
786 817
52 107
534 775
78 643
65 224
907 947
269 470
316 919
468 842
584 915
471 833
381 963
352 995
231 405
486 594
235 862
848 951
908 977
360 721
861 943
352 705
614 809
28 336
123 594
274 560
97 883
151 410
193 384
73 250
71 419
92 690
383 413
554 907
277 480
187 366
210 837
11 700
413 736
451 565
527 604
126 369
36 89
239 562
75 565
645 737
741 924
331 655
560 595
297 627
150 193
101 573
512 790
434 652
55 220
261 845
469 902
54 796
239 272
242 596
519 706
266 804
598 941
555 758
7 127
82 444
140 604
171 382
432 866
180 704
34 42
436 874
275 300
699 804
183 463
96 479
479 948
764 774
453 837
440 476
95 612
919 988
137 412
466 720
323 361
237 787
716 752
113 781
204 476
431 663
267 670
177 796
160 858
233 628
160 201
327 439
55 836
66 191
378 381
329 599
570 639
75 439
69 669
433 753
235 685
8 203
84 318
32 209
130 674
499 961
779 787
964 969
126 544
217 324
143 628
53 758
460 728
248 430
93 346
224 407
723 959
151 446
300 532
49 284
122 314
286 707
269 783
662 814
560 736
232 881
162 580
14 541
20 602
662 921
2 61
628 759
408 508
125 331
567 788
659 901
331 824
63 533
814 951
672 988
119 770
214 754
106 411
367 464
775 969
470 987
72 406
422 606
64 810
104 775
251 744
432 782
186 373
224 672
242 941
565 823
215 994
510 682
534 626
155 927
565 856
219 276
94 640
223 292
834 843
502 741
468 573
377 637
69 863
359 949
786 889
187 780
77 688
851 953
13 904
235 760
363 463
200 837
221 549
632 840
27 276
118 343
562 931
817 970
203 503
499 812
498 681
43 526
152 791
652 688
416 668
571 832
221 711
101 945
465 797
193 302
253 726
126 604
308 521
112 186
60 186
726 739
148 725
130 424
19 711
723 859
689 927
70 150
110 931
295 823
236 569
365 987
650 917
427 532
228 761
62 965
746 890
45 989
50 821
34 430
144 306
399 666
36 224
771 879
58 280
59 65
315 443
140 774
340 606
107 701
749 774
289 708
111 797
10 278
448 759
34 368
254 783
681 911
82 388
279 802
569 622
141 829
107 987
254 926
147 448
664 854
183 390
203 664
573 794
380 976
134 217
212 777
411 612
12 701
329 979
314 437
738 957
501 757
319 932
105 488
108 569
604 982
713 745
20 263
591 712
333 712
116 744
929 961
656 775
252 504
109 417
18 352
865 963
366 368
77 707
243 743
445 895
143 488
273 822
39 267
584 632
736 975
717 900
557 859
173 678
8 52
708 729
237 287
847 922
709 901
274 698
443 721
406 455
338 521
52 635
127 129
36 832
95 423
4 486
779 936
545 718
47 320
73 221
143 989
2 195
24 951
277 459
740 959
396 463
288 704
474 795
18 601
844 973
115 999
44 473
245 360
616 884
27 685
126 165
326 923
435 640
310 316
130 174
483 984
323 675
127 709
148 446
16 856
971 972
719 950
379 633
272 513
642 855
55 270
76 575
811 948
153 258
392 582
281 501
245 940
29 879
73 635
93 616
439 540
668 842
6 97
133 721
355 577
10 108
850 869
410 949
241 299
419 673
77 901
78 486
355 831
65 965
77 790
355 908
263 641
87 477
15 96
510 988
648 851
21 959
385 787
9 927
514 932
159 961
39 303
77 632
170 426
647 940
5 491
21 800
66 203
123 390
514 855
363 407
678 962
293 416
353 413
460 471
395 656
14 458
252 593
1 825
346 538
94 148
649 809
647 850
173 539
298 409
356 663
311 397
443 765
26 271
196 979
344 870
416 563
109 602
917 989
165 856
757 798
27 875
770 817
112 337
316 331
45 771
482 959
418 663
11 780
309 559
81 576
125 279
219 990
76 893
366 547
3 561
387 942
366 914
202 915
205 304
98 832
893 899
802 834
148 176
811 912
43 298
172 206
506 896
272 764
55 643
292 759
115 428
333 477
685 776
371 854
99 531
210 424
104 955
11 345
392 497
927 991
703 791
785 946
147 361
76 257
466 721
323 360
747 864
128 330
510 798
544 578
65 929
105 416
12 980
52 217
215 831
786 899
368 734
4 836
498 849
27 493
463 737
302 673
329 709
882 939
493 970
26 687
152 542
43 775
209 531
462 895
695 791
921 954
96 907
62 176
134 749
618 768
235 684
164 608
683 836
182 836
4 152
17 19
112 159
826 951
38 363
294 705
210 516
361 624
69 335
322 662
252 859
187 284
796 946
227 527
418 584
399 995
697 819
168 191
27 740
376 450
124 800
435 587
58 658
387 748
175 533
15 800
399 641
456 457
137 914
379 707
491 561
386 447
483 865
104 618
833 939
315 380
261 578
427 870
581 905
141 792
7 243
137 733
393 811
211 556
51 771
471 486
110 290
333 449
416 499
159 581
487 888
538 638
730 998
752 882
91 800
110 124
372 831
565 968
52 189
15 43
643 882
384 639
373 583
798 838
48 556
195 687
674 848
252 324
215 688
327 410
420 520
80 349
133 237
851 952
212 682
433 643
442 947
118 340
657 892
394 874
584 940
36 591
899 971
826 873
477 715
809 841
60 341
192 837
562 563
100 630
65 457
140 413
490 598
511 956
204 532
593 947
207 407
294 658
117 277
173 611
350 506
265 616
287 495
17 255
142 486
74 504
3 60
792 855
117 390
465 941
830 947
283 348
183 831
365 696
519 833
2 252
123 906
447 971
84 791
376 478
305 998
129 272
455 856
278 947
390 665
233 324
128 936
129 385
429 462
323 855
111 796
37 665
258 726
10 279
46 681
710 752
21 117
46 536
621 816
211 603
292 696
635 764
483 635
45 416
29 827
564 688
542 856
582 585
142 586
487 783
609 749
94 722
510 711
333 374
122 763
138 868
86 918
68 741
142 868
219 371
534 910
333 711
134 504
397 618
113 933
424 536
252 360
786 858
238 815
739 838
230 847
618 969
748 904
70 823
400 463
326 333
190 748
504 627
726 802
450 617
623 670
255 462
313 807
896 990
343 891
495 684
260 905
451 714
13 111
658 868
421 666
585 889
400 907
754 844
349 424
365 813
226 405
250 543
892 962
111 594
499 500
27 605
447 636
211 424
440 902
353 655
797 982
410 510
84 521
551 715
242 641
258 698
629 819
578 807
225 437
12 493
31 403
712 929
538 869
578 854
281 500
654 951
203 647
368 838
391 664
102 767
34 119
150 833
725 903
752 811
696 755
53 58
492 622
592 836
275 496
61 543
170 230
377 986
428 562
378 389
233 670
751 964
73 805
635 855
501 633
377 587
359 879
556 709
960 966
761 813
77 742
372 998
87 589
713 998
324 769
657 939
593 729
190 825
247 824
13 800
87 659
109 823
1 681
554 855
493 553
60 140
10 905
101 968
156 671
446 993
16 362
161 887
382 995
183 758
331 419
5 942
597 836
469 561
515 977
71 413
662 768
295 873
244 887
20 576
19 879
25 494
399 684
20 567
577 602
82 152
500 959
387 512
672 946
12 179
488 607
469 900
611 679
387 913
119 824
599 626
323 815
470 578
220 445
392 660
525 764
396 560
306 690
592 627
383 928
612 638
581 805
380 938
470 812
642 939
147 507
129 772
419 638
228 246
161 171
458 895
259 866
501 827
212 834
321 429
397 976
808 969
534 967
366 463
223 450
369 409
8 689
618 732
48 690
105 423
323 504
34 893
808 856
234 709
498 846
463 736
414 592
53 304
705 865
26 684
136 164
540 806
378 379
545 841
359 625
86 299
624 718
342 897
152 829
891 952
191 612
201 764
40 830
274 368
437 804
352 624
166 290
10 986
528 531
766 903
360 719
164 327
350 430
792 892
818 964
175 321
602 607
201 990
53 869
19 685
232 996
178 502
1 599
19 794
421 594
5 787
226 490
706 928
49 355
13 264
554 764
75 723
222 902
465 755
407 752
124 912
533 930
365 902
461 839
444 635
121 595
750 934
577 832
160 700
270 689
72 408
202 775
24 475
300 376
362 705
293 961
94 868
4 628
186 371
185 200
242 939
225 735
595 917
306 952
9 363
630 884
167 206
502 763
88 603
730 918
33 238
164 848
38 889
96 842
647 721
62 115
228 351
285 816
160 215
252 325
17 690
437 757
523 604
337 577
359 516
86 196
329 625
576 734
8 26
874 991
13 791
291 653
330 877
442 803
4 238
251 485
549 822
164 276
93 410
239 944
437 824
347 950
477 891
614 868
355 387
585 610
433 509
861 917
398 909
295 979
792 856
593 963
5 597
83 269
637 846
118 998
451 721
412 633
359 456
161 831
792 967
390 636
636 726
13 475
822 915
112 410
61 463
357 584
412 799
508 740
110 784
20 632
19 935
168 299
81 638
116 481
45 987
720 851
594 820
135 238
673 707
34 287
287 947
16 894
167 729
650 757
116 135
500 870
104 583
340 975
841 870
453 616
121 728
419 425
572 609
828 987
595 960
285 464
656 716
324 362
258 872
856 879
711 723
158 209
730 840
12 703
453 795
24 213
318 411
377 829
247 275
742 915
696 839
643 960
73 776
368 648
204 486
406 814
531 887
18 350
43 817
82 857
217 966
38 244
312 942
591 1000
243 662
528 814
84 402
377 648
113 134
632 870
122 188
229 760
74 315
511 962
757 998
131 176
98 165
649 819
174 758
545 994
31 683
249 311
47 108
549 810
14 415
605 722
257 762
888 986
378 772
126 638
1 765
697 904
47 322
336 891
79 989
83 406
672 713
193 554
139 472
178 446
343 600
344 938
328 495
567 952
645 650
352 501
197 243
40 306
79 243
228 671
407 568
211 427
11 883
380 673
457 952
167 765
387 965
48 75
177 297
710 733
93 757
383 911
168 692
850 976
23 750
305 461
569 648
197 567
453 733
58 143
202 863
150 727
163 584
4 588
122 685
66 261
11 396
431 527
94 719
95 658
846 894
99 727
47 607
178 730
290 716
114 392
42 445
243 596
172 552
713 788
109 387
464 758
66 86
126 990
17 378
15 147
147 779
556 597
122 865
88 817
485 785
765 969
352 998
313 608
244 700
481 710
5 378
282 913
27 222
557 957
632 898
106 701
89 393
142 189
311 542
627 905
576 949
614 861
265 598
126 523
680 883
403 960
62 583
528 583
139 742
265 935
412 562
162 861
197 292
205 793
352 691
151 407
597 835
818 944
636 687
143 819
662 769
149 690
495 560
408 628
26 47
136 547
50 153
310 367
434 651
241 943
76 1000
40 302
103 237
180 830
606 732
224 970
166 941
119 827
289 642
145 870
323 959
215 245
219 254
426 444
31 263
200 257
93 586
298 882
544 870
923 945
825 899
38 624
241 324
318 448
764 880
105 277
752 840
73 887
842 946
185 397
77 935
388 790
582 944
124 134
489 519
199 340
510 879
333 654
800 813
803 946
146 499
60 621
424 721
632 704
463 656
191 385
622 991
380 478
242 475
665 806
338 794
28 98
507 965
571 968
511 821
585 756
285 766
89 485
294 884
98 109
778 929
212 485
307 459
36 779
148 845
348 741
331 497
524 544
303 895
567 706
515 959
701 920
364 398
611 919
546 842
49 354
340 359
70 312
111 548
603 948
710 1000
456 459
935 973
455 775
121 481
68 184
196 501
417 480
36 350
650 734
426 638
101 304
319 457
194 754
327 818
715 864
646 674
276 412
116 211
44 80
353 551
318 563
525 543
46 514
470 990
733 860
96 271
224 820
119 573
397 785
380 975
306 806
113 716
721 909
78 258
336 429
99 561
392 495
65 609
318 365
86 793
487 890
626 770
163 512
237 867
276 865
267 558
592 781
223 289
8 686
480 891
134 274
868 938
252 471
894 898
734 951
570 828
310 755
705 723
284 474
389 881
319 752
639 719
433 641
624 668
442 945
21 870
316 858
423 534
562 606
83 577
373 871
514 797
687 810
118 197
50 285
87 858
210 599
523 906
653 855
156 849
140 366
322 585
130 308
95 332
169 458
118 999
287 382
416 637
236 278
454 485
193 589
563 903
486 970
69 178
72 618
839 978
953 999
75 609
205 946
79 105
80 953
10 672
176 696
11 761
68 510
28 697
602 850
71 757
40 343
405 449
461 665
101 626
210 923
249 711
374 942
345 896
16 224
42 864
421 855
336 589
387 603
29 614
85 974
983 997
175 664
31 40
469 955
163 224
29 535
327 790
58 121
702 806
607 778
133 617
93 656
68 946
72 437
112 950
595 963
393 837
11 274
306 970
384 896
510 634
167 911
243 349
777 943
63 206
377 851
599 904
690 932
52 381
234 632
256 330
439 731
78 393
685 735
85 499
690 823
733 755
8 330
543 598
476 935
147 897
55 792
367 538
481 991
337 531
359 986
70 523
713 968
610 628
464 666
265 351
769 991
330 831
8 55
624 791
400 449
127 428
312 653
140 387
499 954
134 981
283 397
14 271
89 334
145 428
757 775
79 815
191 925
359 495
309 822
236 378
438 986
314 732
496 727
741 787
740 954
689 952
300 991
926 959
232 829
296 846
451 490
32 728
89 921
474 905
36 176
280 706
150 168
783 908
71 878
461 782
188 586
401 995
36 406
914 956
776 805
301 903
819 886
681 889
253 383
132 538
246 1000
369 499
350 602
371 669
760 764
225 887
122 541
48 648
694 819
643 831
73 811
209 411
63 448
428 707
69 899
29 208
267 711
221 840
756 927
207 789
268 959
51 313
911 935
234 897
222 306
739 868
367 687
60 569
942 971
484 585
433 713
235 709
381 991
130 555
669 770
305 535
473 873
305 608
964 977
195 788
87 770
571 653
580 981
407 923
670 775
442 570
757 795
98 424
136 597
193 388
670 918
123 967
14 666
92 654
519 907
314 752
206 386
27 797
672 726
33 856
879 921
455 909
520 906
366 695
6 516
905 961
46 261
541 957
175 739
72 128
288 973
222 714
93 679
63 979
157 394
30 168
509 919
129 233
315 706
141 834
552 567
489 740
162 194
180 371
74 813
453 978
128 333
132 397
150 978
51 631
243 563
941 974
265 437
347 529
665 948
159 934
613 679
319 556
433 757
105 848
218 401
481 737
66 861
126 725
164 498
421 493
294 885
210 624
62 401
504 941
321 777
31 610
322 610
140 331
433 471
161 928
312 564
425 891
217 505
770 865
499 739
207 210
64 68
157 953
520 983
117 193
740 882
93 120
594 959
116 399
228 705
267 391
340 727
343 752
89 977
645 850
336 610
171 547
676 952
35 48
58 499
242 628
236 774
55 450
646 675
229 475
102 859
599 641
158 985
271 666
457 704
573 754
578 924
760 999
564 735
397 784
15 737
197 526
663 993
634 883
270 465
234 517
59 594
388 868
67 191
51 546
267 545
180 454
255 770
381 579
846 951
298 905
225 959
116 656
323 470
609 785
207 860
557 593
27 458
66 108
160 233
289 459
790 853
256 572
591 790
75 87
756 838
243 813
227 400
669 857
74 261
174 728
588 798
60 199
153 547
294 657
49 594
268 308
2 328
406 430
117 387
338 432
27 935
321 646
507 703
383 448
537 630
115 670
131 901
689 915
597 890
602 928
141 228
953 998
684 914
282 394
926 979
720 966
495 984
121 275
323 715
496 793
617 723
245 690
228 628
637 752
448 604
34 285
767 797
366 990
521 789
477 479
23 599
232 414
893 983
34 140
242 747
572 611
21 483
115 504
99 991
445 695
335 711
284 635
266 474
327 567
290 452
402 650
828 836
777 942
393 981
194 872
255 849
95 696
186 644
328 589
272 997
647 678
81 363
323 434
384 606
30 719
108 731
161 300
535 950
22 751
406 526
282 520
155 266
249 475
657 972
216 268
201 600
181 722
22 606
265 687
543 772
433 573
35 705
70 810
271 449
557 1000
486 570
268 329
164 266
53 697
429 986
66 564
235 919
519 785
60 90
23 70
135 520
31 971
69 260
184 678
496 712
334 664
835 905
503 783
72 903
344 940
73 82
75 524
404 974
336 780
5 873
541 807
374 536
71 728
280 707
119 928
500 934
875 882
698 921
771 847
28 956
162 362
128 806
185 955
98 952
137 568
48 77
157 421
457 527
96 345
167 844
833 912
154 617
409 684
67 456
231 581
772 789
815 913
599 830
67 89
17 828
354 663
233 754
414 857
510 742
369 498
685 706
651 894
30 265
582 842
273 756
552 777
99 294
544 681
587 717
414 635
190 962
281 934
265 489
484 763
29 320
89 237
714 728
114 360
484 586
29 497
291 758
456 823
130 552
40 950
277 823
442 886
460 467
632 900
192 785
389 985
799 854
69 565
514 706
218 557
109 820
537 867
244 557
498 749
762 942
688 773
322 543
438 645
883 910
23 501
614 802
434 980
71 265
166 487
300 557
515 978
1 584
597 818
301 405
227 612
482 955
384 495
478 567
448 998
235 302
475 479
93 900
844 892
112 563
645 893
337 466
174 319
323 643
620 923
488 578
659 989
288 974
269 601
70 508
131 520
637 696
283 837
140 714
236 803
112 785
168 515
315 340
449 986
493 497
223 664
46 599
90 847
859 896
345 522
422 646
559 799
564 619
547 895
337 815
281 759
531 723
436 917
225 914
228 471
321 339
177 791
34 888
330 515
384 663
350 966
574 870
377 612
708 1000
359 908
178 591
53 317
327 434
381 640
91 998
155 325
7 732
302 532
450 795
769 917
57 939
242 473
167 410
226 818
47 192
433 756
252 514
326 377
386 674
408 918
632 928
373 818
585 762
123 279
40 801
38 284
352 627
95 197
84 170
145 474
218 688
183 678
240 984
365 575
956 998
313 860
443 797
745 909
688 944
692 984
731 882
623 832
849 991
97 146
22 211
79 998
594 666
378 685
672 755
728 923
508 707
349 493
314 772
176 877
693 824
250 594
179 594
606 815
679 929
336 611
7 440
233 253
516 706
131 612
261 573
339 393
862 983
438 463
573 640
486 507
572 600
348 504
133 644
483 579
764 944
214 465
180 673
200 319
224 677
599 998
214 320
932 967
699 948
752 886
259 976
385 701
761 904
522 982
264 826
221 798
313 339
260 462
411 810
798 842
284 468
66 109
134 562
302 560
583 865
713 931
255 752
454 799
200 985
334 995
62 434
675 997
412 709
605 636
3 32
22 780
170 531
361 592
503 693
50 125
878 931
331 620
442 499
486 968
822 918
70 139
641 983
253 563
645 659
210 774
118 647
250 519
508 743
520 579
153 158
345 902
162 724
426 705
150 381
775 778
357 855
144 326
845 962
77 344
244 511
98 917
124 661
237 658
440 716
241 599
719 846
30 225
569 625
595 965
565 741
307 653
197 737
224 577
82 675
66 316
561 838
321 505
530 655
18 443
329 982
243 460
685 733
299 430
513 788
255 801
517 804
302 882
856 912
178 644
48 637
61 729
99 410
70 521
604 753
19 189
493 910
296 470
229 660
855 928
145 247
237 393
352 989
593 753
705 991
170 322
32 175
108 506
787 817
187 525
903 979
134 824
249 308
247 961
127 319
883 949
369 627
112 219
633 783
26 167
83 298
143 984
58 628
240 895
671 762
31 859
715 750
398 654
365 809
153 201
727 819
512 768
875 996
59 243
297 682
118 530
176 821
28 782
250 650
875 885
325 348
550 911
55 103
370 631
228 617
484 499
140 807
418 961
625 991
533 840
59 977
280 994
470 917
733 785
326 713
137 648
237 519
258 984
759 902
816 978
10 105
194 986
63 159
621 929
547 834
137 281
859 980
76 282
169 648
42 646
212 810
263 478
431 520
273 602
825 981
163 730
298 959
7 981
454 554
109 495
74 902
228 387
548 862
476 901
419 898
5 69
902 989
325 696
804 859
669 879
249 502
265 377
194 305
450 679
108 335
127 509
182 962
200 898
456 824
769 825
271 439
60 426
278 465
528 924
726 979
736 863
2 495
511 995
148 965
593 622
334 936
173 534
653 780
374 441
256 946
494 774
118 946
9 606
130 506
792 915
680 916
532 989
116 262
196 766
491 810
117 156
245 343
176 834
111 626
728 734
158 705
413 540
267 490
617 682
559 587
215 257
237 713
146 776
219 834
3 581
461 897
906 993
121 661
102 780
656 760
410 752
447 451
254 987
534 761
332 769
318 372
11 348
251 691
237 892
384 842
445 623
372 689
119 376
51 712
159 765
734 847
846 857
151 701
32 299
324 579
164 824
221 825
540 691
263 736
639 839
17 714
548 882
570 918
223 236
85 139
91 534
511 673
138 749
88 784
203 449
65 480
486 624
69 552
305 561
680 707
308 652
736 891
532 556
113 476
627 870
80 547
62 407
139 694
142 271
311 492
745 908
305 787
74 80
331 579
459 534
23 137
61 310
170 975
305 876
589 916
92 364
109 714
236 700
53 914
633 944
597 725
301 504
196 722
32 659
322 949
352 432
11 815
418 807
93 999
330 491
594 844
44 301
157 586
158 829
909 987
340 576
148 371
104 623
560 802
55 333
572 601
918 949
298 706
578 922
707 802
358 646
186 383
538 712
612 749
261 367
389 442
186 750
156 458
525 847
730 995
12 870
195 372
924 967
281 835
432 753
610 764
9 73
212 576
191 337
269 391
235 609
406 608
189 336
557 736
669 934
133 232
687 721
320 481
549 720
184 336
368 477
493 826
221 575
316 853
795 880
406 723
669 855
47 231
817 972
468 904
195 944
252 551
145 155
311 722
558 721
99 172
227 483
425 964
45 531
852 869
486 751
108 181
236 386
365 546
221 370
311 496
244 917
300 615
670 861
305 831
213 926
307 345
697 993
23 173
173 256
102 430
589 952
519 973
832 935
317 545
344 577
827 892
793 828
3 366
6 563
387 719
542 641
121 273
214 822
309 610
671 948
374 988
12 375
512 579
141 597
306 532
457 896
353 727
488 810
175 778
305 340
676 813
129 166
275 652
257 282
142 591
345 577
876 939
271 873
85 527
638 885
604 829
458 691
539 870
132 432
578 640
99 703
781 797
413 441
401 465
320 559
333 595
472 777
381 839
130 979
648 780
43 834
56 439
352 990
459 914
244 676
243 779
428 911
895 967
570 672
274 293
442 707
97 910
813 848
460 568
518 576
47 104
356 761
4 349
633 669
409 427
135 757
87 1000
718 870
352 683
666 709
120 695
27 901
174 980
503 664
219 701
221 455
168 237
311 325
331 523
418 653
187 456
28 664
267 368
175 603
413 646
608 698
418 764
279 521
724 768
175 712
568 876
275 970
258 260
168 410
724 887
284 772
529 903
417 429
54 954
608 920
298 632
214 572
833 918
63 777
154 631
194 936
634 983
449 621
231 583
401 770
312 419
6 91
137 280
923 937
263 328
45 511
293 901
320 877
413 492
626 841
73 863
534 572
6 389
411 759
302 796
359 789
570 768
73 808
200 598
303 434
584 700
933 983
290 571
347 566
167 355
389 805
32 494
89 243
311 884
173 883
259 342
117 694
31 762
51 216
549 889
791 812
173 533
209 868
139 653
680 887
329 367
202 231
39 920
207 330
407 916
545 627
571 767
623 814
308 975
628 964
594 692
666 729
455 616
67 844
418 574
435 452
58 521
19 773
693 945
233 485
361 696
396 489
35 315
55 164
149 815
667 814
577 684
482 552
491 954
496 980
171 568
810 826
245 711
11 915
374 917
676 903
749 823
112 644
120 143
746 975
414 511
440 534
646 698
719 912
6 805
559 571
599 766
375 606
431 856
581 927
271 643
733 884
493 495
203 713
3 725
25 813
559 936
447 450
125 228
768 963
404 407
208 240
333 471
320 986
177 555
345 441
94 796
534 617
458 888
920 941
629 677
440 483
281 757
270 363
643 911
109 321
254 698
402 867
73 891
290 381
26 919
170 199
406 891
65 955
119 232
152 326
798 989
479 851
539 735
248 906
651 749
324 979
713 820
327 428
228 311
138 539
347 643
293 509
296 431
722 845
304 906
709 805
484 616
18 68
511 817
369 984
4 247
429 638
231 438
566 661
164 509
532 557
95 199
778 941
230 618
670 727
726 879
17 21
97 807
27 988
134 912
252 849
1 569
199 698
365 718
334 679
283 743
47 262
411 426
32 549
508 878
70 173
611 923
741 808
5 798
482 605
486 957
340 355
165 600
166 739
90 749
470 641
435 766
755 757
572 901
560 965
68 164
625 789
606 700
132 921
719 967
67 356
211 724
241 681
439 956
23 701
214 612
68 90
340 807
234 366
219 222
578 923
380 971
16 580
396 928
125 136
223 527
651 986
211 931
342 395
414 772
592 882
55 530
280 360
656 899
87 189
458 751
346 920
630 760
705 727
172 748
319 879
86 110
269 390
660 809
19 163
493 936
389 893
713 929
200 844
365 366
511 836
938 966
60 508
339 559
748 817
86 328
341 389
145 154
511 981
700 716
498 672
264 376
144 990
883 987
443 714
61 119
260 780
339 781
193 295
107 217
714 835
549 898
257 514
662 739
59 410
386 934
633 881
614 744
175 352
303 799
252 885
202 398
112 256
357 738
304 498
102 431
73 187
115 528
650 781
44 492
46 102
231 926
128 575
384 425
827 895
239 627
76 989
455 854
405 461
366 643
63 673
135 852
139 238
1 193
2 826
292 960
258 720
44 161
724 963
284 848
49 253
603 690
237 656
6 237
116 819
278 518
102 890
768 796
315 527
617 899
436 809
327 560
38 557
275 365
919 940
242 968
663 774
314 461
738 965
544 930
82 673
781 907
393 986
87 208
254 611
556 953
206 710
25 519
216 578
413 440
397 531
12 779
401 464
256 509
574 685
61 614
30 675
189 258
317 333
320 607
212 613
88 683
660 717
511 747
19 191
131 409
807 942
13 933
515 575
201 605
400 438
75 116
661 741
9 838
619 627
468 941
201 558
330 906
294 801
190 662
446 636
675 818
51 108
532 741
443 726
64 225
504 1000
191 776
675 899
274 708
139 590
156 544
179 833
58 626
240 881
831 925
408 541
101 688
120 807
283 687
218 904
371 406
170 791
158 600
140 963
286 429
440 797
165 528
137 835
693 894
175 715
505 589
132 962
59 98
884 975
387 955
28 959
20 895
275 570
3 619
833 996
560 796
153 410
488 775
124 699
419 507
354 944
228 841
599 842
436 670
167 990
100 259
816 980
52 430
772 935
690 836
233 759
413 491
290 342
816 818
119 263
122 537
30 268
260 497
9 55
209 415
548 856
907 939
618 900
513 528
27 292
657 941
181 563
4 28
723 732
705 953
43 574
66 885
86 368
288 295
329 413
244 552
298 384
173 532
13 171
35 591
515 825
300 665
115 682
614 688
248 265
528 715
182 524
115 603
102 375
49 377
728 898
31 825
322 943
344 907
254 434
111 527
334 362
387 761
10 612
887 906
266 970
84 853
390 712
399 682
645 890
49 91
33 958
362 930
141 523
58 475
853 872
309 714
646 699
500 859
12 399
175 973
128 180
96 376
439 968
64 966
391 869
915 919
436 882
332 771
281 587
599 991
621 899
414 809
197 679
381 458
77 977
59 586
96 582
103 829
17 942
437 505
223 456
406 888
371 637
263 589
394 396
18 272
475 555
613 961
216 425
463 671
523 566
191 396
302 539
431 509
308 360
4 97
705 788
522 738
639 679
369 991
339 643
571 828
326 399
515 644
477 785
848 907
443 673
355 365
190 686
311 494
38 354
494 800
615 668
144 145
566 948
37 170
628 985
594 665
331 581
316 503
10 806
317 938
301 357
283 742
247 681
196 589
72 627
136 964
139 487
123 852
352 434
542 683
746 782
103 191
366 599
519 649
97 482
261 681
41 602
136 802
671 978
357 816
193 823
231 859
470 753
128 882
382 477
491 566
435 878
572 885
663 686
22 274
590 806
23 591
336 757
194 719
603 681
177 283
841 844
509 966
366 945
25 159
278 635
121 710
516 995
318 647
379 407
290 444
816 924
48 374
690 957
233 830
272 878
294 495
258 817
150 771
502 578
592 770
384 711
60 808
419 894
76 179
405 703
103 950
125 602
4 807
303 373
198 629
385 860
151 929
246 353
464 691
29 261
215 574
40 994
249 428
532 595
346 554
903 1000
649 793
614 911
92 957
38 319
153 551
127 149
666 751
614 745
944 965
546 905
268 391
692 959
69 300
145 340
40 62
672 675
585 838
50 203
71 611
166 701
296 855
575 851
463 469
1 294
7 264
82 203
245 269
10 572
223 942
349 383
98 545
157 556
345 820
306 530
971 984
327 892
163 231
56 705
148 273
331 941
25 202
335 941
64 608
121 625
34 136
181 471
823 904
349 513
318 720
620 764
234 323
116 931
264 620
405 896
46 914
238 506
147 313
578 623
302 919
164 924
350 611
685 730
355 779
85 510
638 714
458 512
132 321
635 832
122 629
378 475
68 627
252 496
192 619
337 534
665 880
28 48
108 358
382 669
255 657
218 418
311 643
316 891
190 772
744 870
395 765
527 828
201 702
753 889
348 571
184 588
291 909
58 896
240 995
114 772
250 324
474 880
314 729
25 362
153 861
260 519
273 404
330 335
81 707
390 749
444 475
763 767
235 326
149 890
317 692
357 999
249 742
270 934
288 934
110 673
127 717
261 737
135 200
29 581
340 634
56 733
572 829
132 850
79 287
506 773
33 755
175 808
34 172
733 878
349 613
119 627
33 364
401 768
113 574
923 939
48 431
391 657
431 932
517 611
259 783
223 582
176 451
87 247
368 603
129 979
60 865
367 871
113 792
156 268
639 991
885 919
284 488
104 244
158 465
238 867
186 902
855 976
325 677
911 930
187 844
229 693
221 613
113 164
661 760
61 988
32 206
571 787
93 427
221 662
173 531
636 967
585 595
199 835
631 860
49 670
287 428
182 658
398 591
737 745
662 680
774 950
45 746
317 901
528 716
446 891
112 329
68 428
213 709
269 883
127 899
495 943
758 867
801 954
126 201
667 977
563 736
235 435
550 942
55 68
291 485
167 526
168 632
606 710
205 343
390 491
500 821
439 858
48 109
565 568
68 96
293 837
264 597
120 367
33 264
58 173
573 858
449 760
11 337
327 763
60 918
663 841
318 458
781 978
67 198
530 722
177 954
587 911
552 858
509 613
87 264
705 713
557 616
118 422
544 713
941 969
798 850
199 227
313 420
95 914
450 791
87 622
406 714
9 780
304 908
321 994
236 251
321 915
305 566
191 621
30 805
330 963
339 883
670 725
726 877
503 572
49 553
437 862
830 927
10 852
585 984
934 937
260 584
616 662
202 507
59 350
611 925
23 251
720 991
310 333
455 876
577 654
157 726
404 881
172 501
448 629
719 961
171 695
6 884
672 836
340 946
487 573
1 20
148 237
388 700
599 668
525 537
449 954
823 980
923 994
133 785
501 887
372 609
172 825
307 546
16 725
648 678
3 977
391 622
364 608
539 780
85 315
359 940
344 379
531 977
610 618
385 851
117 586
152 578
134 566
191 419
48 947
640 727
52 987
143 268
53 398
476 767
96 943
498 591
333 910
302 423
545 878
138 652
450 746
19 387
57 564
187 997
8 144
748 834
288 352
307 444
329 340
532 707
74 401
493 601
39 973
390 853
523 896
670 817
382 979
684 873
207 268
317 860
357 671
727 965
247 543
546 902
614 633
61 343
486 972
13 468
128 642
131 793
222 986
727 811
219 624
201 221
664 739
168 274
318 868
7 267
603 918
758 986
67 693
175 678
399 530
457 901
64 609
409 810
395 459
106 484
710 744
491 674
185 787
400 611
43 477
393 766
177 663
823 824
552 613
129 212
59 663
135 282
391 684
534 676
369 376
275 367
828 833
561 890
121 963
730 851
829 925
704 846
464 483
103 836
161 453
587 599
808 904
5 220
394 581
332 441
246 723
281 973
104 296
548 949
273 813
28 49
657 967
144 542
252 727
420 955
151 821
43 724
190 773
247 812
860 901
378 924
527 831
515 735
952 995
628 892
554 891
408 833
361 935
633 787
545 709
179 835
421 642
301 428
637 988
304 400
420 462
836 950
175 612
527 755
620 797
201 249
112 524
188 977
392 898
154 801
232 705
413 564
732 790
219 973
185 589
483 848
698 789
550 786
37 677
261 625
525 720
621 891
505 941
492 817
538 877
150 639
387 859
806 870
163 992
186 323
349 917
171 413
12 715
38 591
190 282
337 966
85 544
310 915
4 730
539 839
119 257
530 638
273 751
146 375
163 687
20 300
544 686
88 538
40 669
717 893
385 874
591 804
562 830
296 438
192 743
274 501
627 993
256 872
147 641
353 404
313 617
316 792
173 641
248 702
246 473
415 580
53 631
473 883
75 227
442 738
170 693
282 779
190 688
321 807
130 327
222 225
45 600
299 872
429 825
930 970
24 877
41 817
421 725
80 857
210 680
801 863
308 889
465 638
533 549
171 940
266 968
563 882
106 139
144 484
336 636
461 859
10 501
380 621
239 282
521 967
2 881
171 586
73 316
388 729
189 930
353 540
48 110
506 806
146 919
320 942
564 705
620 709
516 920
573 857
777 920
595 897
725 818
232 249
216 798
251 695
217 587
648 651
59 588
82 615
281 762
67 201
342 477
381 441
152 329
513 848
74 934
200 629
57 204
310 750
223 347
136 221
209 505
302 686
48 569
467 749
217 918
215 679
548 894
200 708
155 344
138 518
194 510
165 303
369 844
562 949
523 697
528 877
40 919
437 955
80 392
373 829
230 926
709 947
30 810
87 847
17 121
53 587
294 879
463 812
486 711
736 750
255 398
37 199
18 869
135 574
541 599
22 212
44 628
191 979
308 861
447 990
374 581
783 861
166 881
900 927
429 481
106 126
611 715
7 452
6 772
560 806
318 570
138 388
231 571
34 213
663 910
51 778
510 577
20 23
574 602
243 326
152 391
301 602
251 851
195 491
600 773
436 967
237 860
543 746
432 614
158 268
125 999
198 841
401 489
510 803
60 810
96 723
189 394
544 615
327 508
114 459
48 549
490 810
70 550
18 133
367 636
596 682
85 171
543 921
490 957
416 968
90 275
665 779
669 851
271 491
381 897
459 891
813 872
460 528
79 562
726 799
196 894
39 972
852 865
18 841
537 975
408 661
98 507
338 426
637 838
140 244
459 566
79 961
465 565
232 968
301 327
84 937
107 504
141 286
280 638
116 378
80 944
615 864
616 770
120 893
124 861
512 825
325 466
478 752
297 689
373 454
512 936
698 911
805 937
276 345
79 148
48 200
215 340
162 320
806 921
346 485
440 610
85 952
11 45
512 758
12 450
529 552
141 674
10 239
656 693
197 603
293 796
55 685
707 770
228 807
214 502
56 912
699 870
259 789
333 412
411 638
214 353
582 721
96 512
115 284
209 295
121 947
195 340
547 651
87 322
376 752
346 968
401 469
167 234
150 924
48 626
213 280
359 834
263 663
34 701
627 742
259 576
86 137
179 281
394 725
289 489
553 612
942 950
134 531
463 593
65 130
218 416
95 122
5 270
88 972
624 782
87 646
576 929
463 887
74 434
164 304
925 975
239 845
112 208
684 846
425 693
338 398
102 511
174 984
14 641
328 392
239 690
165 827
295 892
774 859
27 822
671 737
308 789
348 970
174 186
488 733
412 891
589 809
457 838
175 724
89 787
399 704
279 634
374 828
237 736
79 281
867 877
121 531
289 879
162 471
453 564
71 901
388 629
595 887
707 849
104 826
121 764
391 770
785 819
716 993
146 963
275 285
457 642
217 622
472 685
258 836
333 384
544 961
337 965
553 789
475 851
169 540
359 785
34 878
418 497
293 739
243 604
69 908
485 551
329 727
273 895
218 354
493 988
55 885
627 706
441 705
367 583
243 717
189 291
246 316
155 383
377 707
674 913
950 962
756 789
647 934
100 977
412 501
123 400
8 218
373 856
13 855
35 739
198 349
201 719
325 965
127 329
259 491
147 606
442 594
460 687
100 646
257 591
519 883
508 838
73 231
697 797
184 840
149 698
866 956
244 888
407 886
527 673
664 685
19 886
224 228
205 627
31 203
106 136
145 572
295 582
280 805
387 523
245 707
362 929
810 969
315 509
337 357
138 286
121 446
586 912
346 477
128 792
183 290
370 487
210 380
634 900
500 678
802 856
345 739
586 626
200 265
149 336
78 302
354 706
561 816
379 381
20 227
789 800
419 758
713 734
842 954
228 477
583 597
105 430
177 777
234 714
216 428
898 922
464 714
377 735
144 712
70 586
221 982
296 403
27 261
339 535
726 897
212 271
583 776
92 805
53 473
499 861
133 401
415 571
326 386
473 846
476 571
888 939
464 903
908 1000
585 589
536 731
593 990
45 699
784 821
417 956
567 730
735 768
248 296
451 653
328 448
257 964
40 468
334 730
44 516
135 991
46 78
568 970
645 714
505 665
516 569
461 894
214 670
144 336
483 760
581 895
431 888
211 585
50 761
200 214
57 307
292 654
427 993
287 629
197 759
272 722
738 829
6 39
142 743
350 650
121 918
180 461
733 743
60 811
95 722
61 606
9 227
355 865
526 568
69 947
33 229
432 758
125 599
90 510
34 662
656 790
739 967
192 514
172 744
397 717
18 130
535 939
311 779
350 823
463 636
138 571
319 760
490 954
468 917
144 579
1 974
575 664
351 824
174 739
675 794
692 868
30 775
515 741
631 913
35 520
14 315
127 150
236 511
782 828
343 990
519 955
22 241
403 881
61 341
219 709
92 333
218 944
261 1000
340 643
503 977
231 922
434 760
71 749
880 904
323 688
106 192
54 800
236 579
145 516
3 482
280 797
319 388
671 947
375 764
488 896
430 999
824 858
533 830
111 806
521 798
59 971
96 197
444 647
375 621
581 962
893 976
106 482
487 547
572 651
867 961
300 454
67 469
621 806
529 696
237 541
521 760
103 608
233 910
214 503
306 962
785 999
626 975
95 528
224 583
302 922
384 823
259 933
137 449
856 999
263 513
156 299
267 578
402 935
260 281
540 577
543 606
855 856
27 431
198 596
237 498
22 742
133 311
463 592
69 713
468 826
639 747
471 945
147 871
493 793
169 227
339 719
247 814
57 598
41 57
278 446
463 886
762 917
247 991
321 857
602 762
160 345
123 725
17 64
143 512
130 353
117 511
291 910
623 785
571 726
615 673
193 432
446 834
356 964
788 861
168 210
520 775
230 272
835 910
31 833
305 943
213 558
645 753
188 892
157 747
28 661
121 327
435 653
112 526
205 735
884 932
814 907
488 621
430 912
289 524
148 321
21 189
295 562
449 838
29 578
33 519
12 272
241 740
771 965
132 861
59 983
152 179
224 918
138 458
91 422
733 875
127 556
914 967
328 980
96 336
8 978
245 945
103 567
819 894
586 607
309 404
703 740
587 791
180 359
238 405
167 939
599 932
565 884
17 966
531 700
199 474
294 298
209 258
247 462
319 973
341 773
169 940
544 672
13 739
252 279
489 931
164 657
310 691
313 397
540 724
208 853
722 723
851 909
604 723
420 586
204 225
540 843
316 939
502 986
178 900
251 326
507 816
271 445
44 989
80 430
647 822
522 605
178 791
32 193
610 882
437 982
352 622
614 842
374 435
199 828
274 661
238 674
44 771
406 510
355 450
835 844
430 496
1 720
183 712
93 330
528 719
286 723
72 603
308 891
2 186
202 450
376 433
88 485
306 356
440 846
314 875
24 525
426 865
23 833
7 316
706 965
620 771
16 145
144 486
76 993
180 775
608 970
36 291
309 677
153 457
174 433
971 997
20 799
572 732
833 964
25 135
85 895
285 333
73 691
242 810
81 232
261 484
6 169
760 979
509 768
120 481
306 906
76 308
169 750
81 394
199 446
54 455
556 893
7 567
172 630
372 814
323 482
252 452
517 870
972 973
186 566
652 979
264 916
873 912
30 767
199 220
240 275
493 959
419 932
886 958
27 407
356 457
126 995
40 522
493 848
222 278
807 882
296 404
613 687
201 537
403 521
353 438
208 607
566 878
511 909
365 423
4 131
649 882
66 964
92 580
79 894
120 645
504 804
321 690
144 149
58 583
563 946
249 976
175 312
303 759
22 69
371 421
533 583
75 717
542 687
227 790
732 809
783 863
474 585
491 925
555 800
10 407
50 916
824 959
89 842
606 673
239 312
25 242
724 948
564 897
37 891
612 949
206 930
23 696
261 439
10 201
599 665
29 699
181 352
806 861
128 148
725 867
263 382
29 812
298 863
634 891
194 796
270 473
328 714
42 344
246 552
299 443
103 861
837 951
159 735
12 796
294 370
264 801
262 732
142 774
17 543
570 965
510 944
320 584
561 654
284 467
90 366
717 771
441 760
332 487
302 571
88 835
123 490
235 756
289 444
847 997
795 886
389 905
66 774
471 797
762 894
549 828
14 393
217 259
350 481
494 849
339 784
585 616
438 580
149 543
386 931
792 930
429 895
269 982
87 947
515 898
398 522
370 793
403 880
226 277
374 645
309 842
399 968
603 890
710 946
286 442
162 636
123 884
148 575
192 395
728 749
491 633
239 495
41 698
611 664
229 261
211 262
413 990
516 685
41 715
841 876
362 777
92 178
668 971
392 598
335 606
300 455
360 362
404 485
225 640
120 426
506 975
68 970
197 746
332 839
24 176
764 834
251 881
30 394
214 359
108 926
734 894
76 380
665 681
3 974
116 589
262 809
195 342
267 581
488 492
103 833
808 907
517 813
445 770
134 503
502 733
285 889
627 744
613 773
104 299
268 908
434 484
87 418
180 192
329 650
877 912
860 866
187 804
313 481
657 964
624 689
252 722
274 396
744 874
13 817
51 194
765 940
161 518
532 627
860 896
535 684
498 705
762 914
65 418
113 414
62 593
317 780
653 882
343 780
417 906
917 973
205 875
169 301
79 822
191 900
5 960
279 289
728 939
49 336
110 843
550 676
273 392
323 542
366 672
115 864
22 508
461 692
236 928
76 845
36 264
572 842
520 757
478 893
153 492
673 741
671 918
586 890
162 354
457 934
439 882
393 654
90 960
306 645
435 987
491 643
516 784
976 993
332 901
82 348
101 192
565 593
341 689
655 723
379 482
271 730
937 986
210 440
444 906
99 624
81 429
376 671
216 692
234 581
364 532
199 469
453 997
436 953
868 900
68 716
363 724
180 390
218 241
513 841
21 594
13 738
584 674
472 892
125 542
327 454
40 640
313 396
561 726
47 839
51 256
15 229
548 980
204 226
60 562
61 871
26 718
207 653
65 108
333 962
665 848
29 457
316 932
36 571
218 386
436 509
494 559
191 629
160 503
126 678
588 975
58 846
473 880
331 382
593 615
647 838
389 594
139 643
285 641
89 256
415 726
956 986
80 717
688 908
134 942
145 391
317 897
546 973
54 604
98 272
512 884
286 611
417 752
658 974
35 289
295 755
701 876
758 871
430 941
125 299
936 978
564 942
729 829
159 166
612 914
349 724
332 602
121 557
309 326
51 819
547 918
231 609
538 767
381 453
552 975
200 410
55 516
39 131
441 912
186 725
254 557
284 298
655 981
582 799
677 781
385 681
5 128
868 952
264 774
691 993
543 640
820 827
414 972
643 770
200 632
146 342
630 662
557 612
155 684
235 634
803 956
346 817
111 499
522 796
136 175
373 536
194 509
437 535
133 270
230 770
70 731
1 992
237 330
44 962
26 597
504 583
360 683
144 1000
382 552
57 653
299 824
190 595
395 569
87 825
164 330
644 956
425 866
465 957
356 782
340 395
191 847
343 820
260 564
465 974
16 464
822 898
72 632
658 931
308 856
206 487
226 481
447 987
304 347
707 751
470 667
594 839
225 296
261 660
232 540
550 974
367 374
957 968
430 568
401 930
400 635
478 964
306 845
237 567
272 581
682 708
383 841
738 840
116 852
315 761
409 620
64 807
363 993
102 690
12 654
638 832
94 738
113 843
186 745
703 908
432 537
363 783
808 912
186 600
423 853
462 901
302 862
363 668
240 417
203 823
534 873
269 384
454 900
53 281
347 628
147 988
539 558
39 282
99 503
100 772
13 955
468 800
624 662
15 221
311 698
437 619
591 910
860 957
498 730
230 953
840 989
342 555
74 413
257 747
792 820
649 877
852 876
283 443
201 790
170 539
58 600
112 262
518 776
403 883
425 751
672 696
218 958
115 534
645 667
370 873
463 464
727 807
149 865
245 264
567 847
325 352
92 109
42 854
491 521
96 199
258 682
171 663
244 455
488 785
380 775
489 504
759 773
474 511
772 826
336 500
427 975
30 120
200 323
738 991
816 957
281 518
195 456
15 381
368 564
55 588
169 549
241 314
293 635
405 621
74 874
552 790
453 913
95 816
117 776
794 895
635 839
247 405
449 454
660 868
367 556
428 864
639 772
138 586
549 620
18 228
678 832
165 275
60 559
433 731
14 72
622 925
70 656
731 758
536 968
244 675
571 778
809 913
518 571
188 314
773 886
313 706
423 701
369 922
218 705
169 387
227 661
28 322
486 642
356 966
31 946
321 633
658 856
36 964
371 495
524 881
279 288
214 907
415 416
349 444
478 576
519 703
370 540
228 642
68 363
175 721
824 905
58 449
496 830
335 799
154 860
266 818
84 541
85 1000
340 903
289 755
168 528
379 628
326 705
440 752
257 462
478 924
163 996
81 428
506 595
147 201
78 499
595 711
742 938
82 526
48 642
104 106
52 202
786 912
696 878
609 999
81 334
725 749
252 273
15 119
471 625
700 829
223 240
85 255
105 721
70 621
513 618
442 908
339 636
48 895
160 409
146 164
147 645
39 691
27 171
31 739
277 687
848 933
888 914
377 403
50 475
89 263
622 667
238 672
670 781
774 939
442 448
80 861
382 894
74 183
116 270
334 765
426 988
305 969
451 547
297 637
158 702
123 831
508 551
280 808
211 336
512 915
141 517
775 842
483 880
448 669
345 887
111 856
370 482
387 810
711 985
802 855
16 960
20 904
58 199
225 606
635 707
82 321
154 594
263 276
401 743
129 784
292 740
78 301
52 392
825 904
389 479
561 902
302 976
691 883
432 638
472 571
108 999
268 887
531 843
234 713
273 719
228 431
269 411
700 961
475 606
556 669
320 413
281 905
431 507
415 774
363 465
53 437
47 203
229 724
507 990
236 240
571 965
346 592
198 301
74 279
403 523
278 501
27 183
9 640
369 930
265 639
412 762
2 378
97 824
294 754
792 840
482 882
299 840
579 640
523 1000
322 747
567 727
72 746
108 216
201 970
109 561
412 617
75 993
679 741
382 779
633 975
374 703
520 961
461 537
463 511
746 761
412 783
783 808
239 612
135 873
176 870
11 807
46 444
180 886
625 701
681 739
645 856
832 881
724 839
634 709
101 468
15 932
533 807
936 975
97 341
427 708
55 468
702 817
573 663
43 500
42 917
577 860
353 572
360 368
12 425
823 979
78 158
764 969
379 429
287 630
825 827
55 762
459 469
115 407
152 395
12 655
551 890
556 972
209 319
86 903
15 393
713 767
751 915
186 601
276 987
247 432
53 247
9 113
604 742
330 703
437 761
739 857
151 959
48 936
484 676
394 652
90 287
347 740
403 694
528 845
799 896
69 611
514 784
476 619
40 887
386 671
208 573
605 706
622 736
537 802
260 779
438 602
554 787
973 987
527 964
71 456
370 791
114 877
248 327
84 949
417 718
589 944
537 749
165 660
330 341
280 578
80 948
943 997
158 615
348 913
496 900
10 550
179 697
474 555
435 803
698 907
245 696
121 394
429 449
436 611
542 939
249 558
529 556
261 425
427 945
444 881
391 794
285 307
655 761
785 843
224 747
149 292
349 908
64 772
752 941
234 476
785 996
487 770
459 497
24 178
506 572
547 830
401 568
682 987
350 613
26 935
868 994
170 247
302 776
570 884
4 882
39 475
43 924
371 571
116 766
337 767
63 465
358 791
397 669
34 697
38 145
562 791
47 941
428 865
596 714
942 954
377 660
29 483
30 580
769 980
535 569
98 198
481 694
726 972
88 976
195 916
468 948
416 839
184 483
403 579
8 177
522 567
503 626
964 992
30 870
416 694
182 793
53 655
248 389
356 880
31 556
361 938
770 908
404 754
95 405
297 358
176 625
818 896
784 880
179 838
1 634
515 992
455 525
166 576
68 438
54 737
426 904
62 768
36 187
407 588
253 816
715 967
671 912
546 619
401 984
20 774
646 726
25 168
10 316
64 578
646 865
538 886
349 639
595 891
25 857
214 423
76 444
332 790
668 856
634 846
234 560
510 669
668 719
194 834
158 313
273 593
61 530
320 660
178 718
547 683
347 401
55 960
686 866
69 904
432 689
18 182
933 991
238 869
9 905
48 993
56 492
790 811
97 704
127 484
454 860
769 816
535 605
74 752
173 764
32 196
700 755
221 656
277 686
95 235
38 494
260 828
298 395
243 924
156 893
213 892
503 598
52 702
236 435
770 993
956 980
210 530
580 984
230 721
13 53
161 770
770 912
297 322
339 955
13 390
473 641
274 946
365 772
168 320
131 852
420 495
136 958
193 691
379 836
84 860
158 703
185 515
93 922
10 510
706 883
693 859
289 557
309 674
272 445
421 788
427 731
287 895
564 863
91 391
871 962
90 853
310 854
703 773
6 63
9 489
506 517
54 299
772 898
241 368
445 614
318 460
266 363
506 628
251 827
808 950
200 491
110 114
43 87
432 718
403 447
114 416
77 812
118 440
501 544
18 154
60 609
276 550
167 319
43 885
173 830
669 985
282 551
281 904
468 782
130 915
330 747
386 521
169 175
165 298
151 779
333 996
1 791
476 567
403 635
614 885
139 673
641 807
624 985
204 629
580 828
339 998
469 631
1 561
4 428
79 1000
23 128
343 935
280 615
210 792
671 677
11 713
303 609
417 658
892 936
408 459
283 541
16 240
325 394
720 868
280 773
586 801
435 887
720 755
292 980
719 975
6 878
33 716
180 917
343 491
659 880
470 635
400 637
220 406
823 957
497 575
64 906
135 415
232 316
376 908
512 670
154 516
38 686
224 704
217 569
470 837
90 809
876 952
52 510
57 416
220 692
402 669
20 28
42 692
703 825
133 795
172 823
509 658
868 975
150 794
488 499
307 601
82 983
33 249
158 384
209 472
9 112
639 866
87 411
38 197
437 760
313 458
513 593
237 411
60 500
683 769
476 612
192 851
339 676
178 218
160 305
322 554
588 785
352 553
136 314
248 618
218 666
683 700
395 948
508 795
434 914
112 312
701 944
169 327
352 375
153 842
23 164
232 973
434 869
650 821
832 944
524 990
232 860
546 866
33 797
286 441
182 382
400 812
258 390
137 815
210 911
597 609
118 524
175 575
325 366
219 999
935 997
166 918
659 799
646 747
6 842
500 875
780 869
710 738
34 131
141 733
107 571
106 494
550 891
128 196
270 670
16 521
626 632
253 510
257 273
354 791
480 582
582 699
68 821
547 848
43 241
371 796
8 536
67 247
436 928
385 614
354 633
704 836
216 586
413 432
747 806
103 834
547 654
54 386
556 832
186 634
100 196
7 632
217 928
234 782
159 845
240 463
437 683
167 374
406 938
243 756
960 968
125 744
330 720
481 580
743 804
229 666
571 927
436 484
481 693
252 604
218 604
352 582
528 569
412 652
130 381
386 787
83 327
304 680
356 881
108 146
537 942
205 872
779 985
653 960
446 838
412 594
35 441
418 531
257 919
260 526
101 696
248 356
196 652
288 735
58 749
98 762
50 889
732 893
175 723
370 621
22 354
171 612
6 935
519 718
357 881
488 992
50 603
34 308
289 753
237 731
399 636
236 818
103 418
710 718
31 385
107 551
976 996
244 340
11 221
203 693
864 873
607 995
129 778
210 439
559 780
357 420
547 844
600 962
91 201
347 355
440 447
43 106
25 747
105 437
52 212
364 678
540 673
78 608
206 597
285 858
674 827
181 793
536 776
384 565
385 876
243 720
463 643
389 812
433 884
431 481
414 753
207 654
338 811
65 97
49 804
48 881
91 693
386 725
151 855
43 566
248 708
389 974
632 911
522 601
143 755
218 560
38 495
352 610
60 275
378 954
255 400
348 534
311 386
169 509
486 684
378 813
2 263
205 780
210 674
176 542
46 196
831 953
939 943
603 822
503 996
73 123
22 44
121 359
563 888
746 786
175 518
267 407
457 869
404 868
410 437
306 578
89 882
521 969
12 304
73 294
224 950
564 856
871 876
175 981
324 497
197 909
271 650
163 821
440 654
348 495
150 541
617 946
500 722
45 329
121 675
51 820
492 674
241 486
538 762
479 932
116 994
194 820
104 938
694 969
16 736
113 684
440 492
321 447
52 313
592 798
76 135
630 890
229 879
195 275
846 982
562 845
834 998
282 693
639 841
471 535
424 734
613 858
65 220
601 770
85 145
35 932
70 591
513 628
184 190
187 865
756 886
207 610
316 843
562 943
302 402
393 470
657 897
765 992
566 755
705 925
26 592
106 642
221 755
38 267
97 973
26 451
120 538
687 906
69 431
641 806
567 672
142 277
16 309
566 797
307 470
213 799
494 808
614 709
95 351
196 550
404 683
296 980
636 704
183 857
23 240
226 508
374 556
326 835
421 981
615 971
180 880
508 581
749 897
127 829
36 252
318 962
63 517
409 934
634 707
763 813
72 168
182 189
145 940
606 677
258 709
386 398
719 974
7 450
763 922
33 707
380 766
295 327
685 955
46 527
214 637
881 912
552 624
368 813
168 889
738 839
65 707
137 718
472 763
820 964
51 641
107 781
56 873
237 854
253 315
243 509
578 690
651 802
377 819
798 919
980 990
587 928
751 925
401 483
209 334
268 789
358 873
252 484
803 972
307 969
786 982
632 634
62 125
302 716
929 934
847 880
481 575
61 827
27 375
191 424
748 923
394 650
584 588
277 771
5 276
61 940
479 493
100 918
229 758
543 788
36 638
511 988
151 159
709 913
212 415
485 941
126 765
74 408
406 459
523 953
321 737
70 119
474 868
533 645
407 836
102 420
563 914
37 455
740 794
649 733
16 78
434 757
435 692
524 942
659 945
749 869
92 104
519 741
520 733
387 582
334 469
599 603
598 906
414 429
663 714
171 648
25 210
814 850
716 868
77 222
336 344
63 799
432 843
551 570
538 643
279 931
242 961
149 403
354 647
171 455
815 886
262 914
564 566
410 929
60 853
385 613
199 386
556 833
794 890
65 890
635 856
158 509
454 596
130 822
556 720
333 585
85 216
431 460
51 296
696 947
548 956
695 831
476 811
739 887
799 977
48 854
657 952
450 854
200 913
368 499
429 556
356 540
545 771
515 695
491 511
181 599
256 818
35 602
537 828
45 621
523 933
162 843
588 645
593 793
98 409
169 273
351 569
571 602
934 1000
249 908
412 962
326 888
351 735
230 484
594 891
392 905
249 750
179 663
110 681
608 914
606 637
152 184
98 844
466 808
177 347
676 843
110 395
127 555
529 671
699 811
8 934
760 811
190 434
48 423
301 523
530 855
397 844
111 148
534 603
521 616
333 442
25 633
411 592
643 925
272 942
54 508
95 640
9 173
119 286
506 705
511 592
55 962
423 798
647 766
280 472
337 729
302 661
583 764
358 817
218 364
660 891
678 784
539 634
540 721
427 488
263 774
159 945
713 919
90 290
695 771
414 758
463 563
139 985
394 834
804 989
342 884
179 488
420 966
204 877
9 873
178 784
87 672
628 808
460 598
152 863
134 787
100 573
265 576
469 480
473 997
460 677
248 419
675 934
378 810
684 808
122 311
143 769
844 914
439 494
117 240
245 427
374 705
196 737
219 512
127 907
310 377
239 589
844 993
59 187
496 639
278 923
407 765
357 946
512 999
555 827
679 945
25 104
392 933
598 835
31 70
292 946
270 821
141 659
327 828
224 951
85 890
871 879
512 692
458 908
388 599
228 790
483 595
104 796
600 641
159 448
197 541
475 919
516 903
264 556
60 942
665 756
388 885
315 959
320 835
211 894
513 824
734 826
91 212
552 834
596 959
156 360
433 949
267 641
125 589
129 672
441 886
119 147
302 689
535 925
96 812
269 489
15 197
40 527
96 923
186 789
498 547
543 819
468 895
87 727
308 736
79 551
139 850
31 704
201 749
57 657
95 201
300 743
227 321
687 917
585 631
303 924
508 898
217 347
770 963
136 751
264 420
236 288
532 789
348 874
611 820
83 495
435 554
715 722
383 416
737 894
336 817
560 657
10 702
16 99
452 879
418 715
519 627
22 457
421 980
783 858
236 597
77 471
521 923
154 864
373 412
470 526
362 911
296 529
392 720
729 797
128 250
509 989
242 760
154 514
505 878
234 340
654 975
163 976
257 267
521 710
663 903
427 999
656 735
307 701
204 275
132 560
738 823
320 816
377 833
856 866
350 652
186 757
280 370
924 939
251 985
530 558
694 837
552 830
171 248
639 927
123 131
181 815
200 664
402 972
739 973
556 749
397 711
276 708
526 860
90 282
143 276
159 905
19 282
165 204
274 421
62 348
304 928
709 783
247 832
503 506
70 827
456 891
271 496
460 527
268 346
415 517
17 94
36 718
365 390
221 726
499 940
72 698
145 434
494 965
23 49
67 865
139 604
156 726
446 936
322 714
70 116
589 988
532 809
370 786
723 874
173 373
672 700
545 674
50 192
404 575
444 456
28 655
379 913
240 557
496 903
144 291
608 792
435 804
37 568
167 633
319 386
824 864
346 492
589 608
127 673
115 169
81 777
284 938
193 923
738 761
298 538
372 431
375 536
211 619
177 655
768 790
242 879
404 482
354 789
65 686
272 820
220 666
190 358
565 794
752 831
87 234
626 856
42 313
385 612
132 443
9 176
318 394
156 289
211 822
86 934
158 339
33 42
176 431
111 337
186 632
371 572
686 837
674 789
656 872
307 804
161 334
489 969
281 981
428 860
583 680
604 709
364 866
237 492
19 201
77 579
463 606
51 344
549 761
126 828
622 929
130 601
41 402
204 842
460 476
852 942
490 555
491 510
860 925
94 169
113 256
53 652
532 751
718 962
38 336
57 713
45 620
120 595
908 942
925 968
231 321
204 703
387 489
558 986
546 930
528 729
412 940
515 997
577 733
425 600
444 492
151 358
178 256
107 362
749 951
732 895
533 634
274 879
831 869
101 408
282 354
214 873
586 788
568 887
70 397
550 955
383 606
441 451
495 880
645 925
180 984
606 610
521 828
940 946
392 744
281 347
211 662
33 650
287 789
346 371
291 302
811 935
422 516
244 342
547 993
305 510
253 384
368 886
102 751
271 854
243 263
11 445
86 851
323 383
432 598
553 798
539 863
223 478
582 839
87 383
267 612
808 876
329 847
610 712
458 557
77 773
502 818
29 162
547 573
34 728
94 472
259 677
618 906
431 483
91 518
40 532
369 856
60 463
338 809
299 565
415 959
164 637
369 809
169 193
83 519
299 578
122 227
201 752
93 418
311 623
174 797
286 827
415 733
342 599
680 866
787 966
311 412
222 233
299 864
156 751
322 643
287 407
291 848
277 397
460 821
89 549
390 567
27 747
286 612
111 529
274 960
644 650
520 952
836 914
158 674
1 357
749 812
11 29
607 803
257 445
569 580
56 625
63 854
599 864
410 708
621 1000
113 721
20 123
189 668
375 881
85 603
180 321
238 443
204 383
60 943
67 177
128 347
129 566
885 961
501 700
635 914
467 772
323 488
517 864
433 773
18 153
209 514
263 869
583 880
375 437
108 272
576 706
688 752
65 67
191 519
194 361
809 860
57 551
683 951
334 865
23 334
722 979
333 882
134 877
840 934
14 439
238 721
131 249
117 256
335 377
852 853
260 787
524 576
305 702
443 808
779 914
193 449
784 812
335 415
961 964
446 796
247 675
122 328
13 423
73 132
328 455
473 738
844 951
59 361
644 735
322 905
793 812
331 861
508 583
258 336
6 978
429 473
382 459
366 972
810 916
470 638
110 465
254 769
664 989
115 125
833 954
439 945
600 751
450 490
103 484
802 887
324 471
237 562
590 974
663 902
228 779
599 772
160 571
17 870
272 713
4 612
52 360
272 856
85 480
319 946
397 996
199 408
552 831
129 530
359 854
838 881
17 529
129 643
337 544
285 768
19 172
790 871
277 912
114 338
369 864
665 787
481 686
557 869
705 974
523 733
230 803
304 929
247 835
584 989
89 417
142 213
765 898
143 644
251 260
425 935
173 705
486 520
527 802
178 217
105 975
348 553
477 843
528 623
486 667
179 193
537 983
348 728
3 47
390 989
533 643
382 811
348 847
365 679
774 887
404 585
593 844
297 415
151 492
482 901
121 195
193 606
156 582
50 193
305 900
253 966
469 761
532 921
187 440
267 320
434 755
606 869
111 585
129 359
831 832
407 548
196 329
710 967
568 860
435 807
400 702
2 926
44 261
135 222
673 723
214 701
396 650
383 522
612 960
663 708
386 400
560 875
421 809
339 432
603 655
12 506
572 642
949 984
56 553
393 886
30 125
388 959
206 674
262 912
29 955
