1000 5000
394 677
235 721
841 910
53 480
113 189
349 767
96 536
194 544
302 449
251 996
549 832
344 940
1 64
187 515
518 581
560 684
405 814
439 914
689 776
409 683
781 866
283 603
776 910
30 686
160 345
656 873
641 685
516 635
314 831
479 598
100 281
816 986
27 606
84 232
190 613
164 715
382 390
310 419
382 973
24 787
811 849
39 832
777 961
388 499
176 638
377 664
214 719
200 478
770 800
702 880
574 752
78 483
29 37
895 971
469 660
382 538
477 830
140 583
502 814
194 938
88 440
567 800
201 676
735 931
310 892
791 909
521 531
596 878
706 784
468 729
287 434
416 569
453 876
772 932
849 897
24 794
497 820
315 464
222 726
617 688
262 313
742 802
284 718
599 608
359 593
199 477
327 680
388 393
246 461
48 649
105 456
105 771
603 658
35 267
346 361
431 766
87 663
570 770
55 974
56 313
540 686
354 844
100 245
209 877
564 751
445 814
599 838
686 852
159 828
713 794
200 675
385 428
719 729
337 939
389 754
673 945
121 876
432 444
108 319
129 935
44 233
603 634
35 419
146 793
236 352
255 649
234 580
771 970
774 842
901 903
578 820
371 507
261 941
338 711
100 109
153 761
247 821
161 554
54 764
237 617
402 574
347 412
130 731
595 895
722 909
647 846
245 954
61 508
581 816
85 725
214 443
584 673
871 986
548 836
54 879
325 423
253 415
554 850
2 567
41 189
185 346
426 782
112 572
300 670
444 896
154 746
618 896
925 985
559 777
360 475
266 480
64 868
48 345
201 378
113 645
382 443
114 214
455 622
61 872
78 830
83 455
67 842
85 567
66 651
565 893
656 951
33 529
407 779
881 885
382 881
239 712
202 916
223 770
422 941
295 433
689 987
245 530
691 907
216 553
233 653
35 738
12 405
537 868
627 912
421 497
976 990
131 874
480 818
83 750
46 588
124 911
838 953
140 561
32 395
272 308
327 625
770 994
273 887
166 399
367 591
9 506
7 750
157 615
447 669
13 621
586 775
345 434
571 754
56 496
182 218
114 209
59 909
115 229
336 534
116 519
135 613
445 599
691 726
273 484
311 761
183 292
77 940
171 740
408 637
504 561
232 769
286 937
583 941
879 929
165 687
95 792
22 999
479 546
647 753
99 902
707 839
463 851
706 965
283 457
196 958
378 953
47 997
861 956
552 568
113 550
864 890
536 711
115 893
77 654
186 919
619 886
33 485
303 875
270 506
201 356
293 955
220 589
312 865
4 546
408 725
65 564
502 611
34 348
381 446
145 266
95 752
349 725
253 1000
152 825
834 864
173 753
84 316
893 920
547 605
529 759
73 120
55 184
368 722
94 141
495 945
8 259
64 277
302 350
175 212
303 899
13 356
162 702
181 872
165 339
365 913
168 808
228 248
389 726
587 819
345 444
15 314
661 687
519 864
8 556
25 594
284 892
49 286
174 440
506 617
195 981
102 608
34 768
379 678
5 348
194 529
285 326
126 730
125 946
767 936
288 320
129 311
453 528
240 542
167 870
131 833
14 426
758 880
440 860
298 723
82 903
48 502
462 987
31 621
69 442
50 454
446 561
161 935
197 373
382 947
275 321
183 472
157 626
356 774
125 873
107 802
626 782
180 322
76 870
590 728
22 686
494 603
533 791
142 441
125 986
273 561
860 984
682 927
366 476
149 724
719 877
78 464
78 901
121 568
655 661
322 459
123 300
340 798
325 499
72 991
477 877
386 812
206 963
595 800
617 952
135 683
84 177
230 432
172 764
10 86
601 918
35 984
803 930
680 856
308 569
935 975
241 412
113 423
42 711
168 790
333 452
225 731
460 716
464 706
478 674
209 980
212 672
206 882
347 735
417 947
364 368
807 875
65 66
636 799
196 585
436 479
367 479
244 736
723 824
117 670
462 954
375 544
283 619
711 970
621 659
13 318
548 799
608 648
199 904
38 688
113 625
205 417
578 925
64 181
210 611
155 699
375 977
910 964
51 506
786 891
125 138
515 798
53 264
126 599
442 965
276 553
133 224
190 350
65 170
155 159
763 809
196 545
359 520
72 751
414 774
231 855
52 976
363 902
446 946
241 358
666 852
259 278
683 741
403 861
481 666
685 761
4 518
274 966
139 387
543 751
308 806
94 222
258 632
578 869
206 930
741 860
353 574
212 397
106 648
432 752
656 784
435 605
92 272
329 431
94 532
131 692
95 304
297 604
300 728
756 929
338 986
397 776
343 858
107 309
933 993
148 868
596 685
226 871
136 664
372 985
290 299
878 920
770 843
200 437
441 506
224 998
143 256
560 832
5 303
209 313
27 862
65 92
393 639
29 441
252 550
145 164
344 970
109 694
54 565
737 885
642 890
461 483
155 536
317 553
580 709
31 688
602 841
13 304
716 978
368 800
149 267
227 772
427 428
48 551
251 765
838 910
325 804
275 934
112 191
78 274
260 913
388 964
499 593
82 100
546 567
796 867
124 559
278 815
381 814
827 927
131 603
171 678
244 827
724 954
523 679
193 579
356 905
488 802
837 944
490 970
269 814
200 523
20 382
315 842
10 251
304 826
341 651
68 504
306 894
788 913
793 829
280 744
667 788
249 709
196 324
126 951
415 687
380 387
180 702
12 556
240 310
849 931
65 586
212 783
284 807
484 673
175 367
659 789
35 837
110 625
454 466
661 725
277 768
538 922
77 344
117 705
318 578
528 834
379 592
620 626
234 309
52 231
398 693
274 306
78 1000
7 521
266 575
585 640
359 846
837 842
711 942
87 874
182 822
883 935
350 919
906 952
587 696
442 985
774 997
120 680
559 664
407 976
338 419
543 905
817 871
123 559
456 682
645 975
186 830
228 963
67 327
176 435
252 390
343 583
254 716
847 920
114 556
22 567
426 490
595 656
209 445
616 779
247 968
488 746
31 250
30 701
90 456
74 398
200 648
112 538
386 770
189 260
79 238
283 438
567 837
487 768
200 322
490 734
369 381
774 988
494 978
336 386
155 269
357 654
864 936
60 857
24 362
95 458
540 920
26 207
83 607
184 672
462 625
12 507
360 620
415 612
179 999
364 583
435 529
143 661
181 578
220 931
168 372
277 318
2 673
426 469
722 934
57 153
225 979
197 247
790 926
76 968
476 485
113 527
408 893
758 952
101 976
338 514
299 325
176 830
228 357
542 757
194 968
36 282
555 890
165 943
39 240
332 894
238 385
334 622
206 675
317 441
48 269
565 792
110 522
109 514
625 806
310 909
258 703
245 450
10 268
541 693
156 597
301 710
214 233
319 620
603 647
218 593
473 719
272 980
548 873
773 887
223 373
249 317
449 472
357 617
319 806
68 614
470 781
128 537
92 458
625 765
577 626
962 992
228 666
500 540
335 733
301 541
268 907
468 723
70 635
786 840
15 723
326 559
555 883
130 273
521 634
278 706
65 598
245 661
174 549
446 835
268 538
451 695
396 697
418 532
237 816
93 150
534 548
419 703
116 297
61 973
189 248
79 274
464 537
852 936
395 812
515 696
491 496
697 880
845 887
94 175
576 954
43 453
443 495
423 699
85 706
598 688
655 714
430 806
14 364
586 597
181 778
880 949
623 680
111 457
115 864
20 83
813 980
61 175
67 517
191 828
176 812
710 809
237 920
275 976
516 754
39 888
266 760
411 583
48 246
105 318
599 611
30 944
89 719
533 678
642 741
236 823
403 734
760 766
652 751
338 717
196 648
547 672
452 786
968 971
110 850
35 266
364 454
54 400
402 913
334 929
387 649
171 257
278 551
195 730
514 635
414 632
197 226
475 951
167 981
132 201
207 791
649 948
354 828
406 952
299 895
577 588
282 762
352 704
177 513
162 266
73 445
295 554
576 863
633 802
225 362
559 581
601 841
411 899
30 486
418 550
71 416
435 947
281 345
304 892
468 522
505 955
604 910
399 818
348 621
80 242
43 902
832 919
834 963
598 706
214 440
90 439
401 765
165 423
39 338
59 717
594 881
445 748
65 294
409 558
178 562
86 742
416 478
108 311
287 565
148 336
648 665
666 879
497 805
315 481
162 971
362 972
548 622
382 886
18 551
128 369
916 967
312 707
369 822
346 639
247 454
504 555
564 847
216 554
325 963
70 782
36 650
700 836
75 228
186 481
278 347
409 646
174 792
193 369
450 919
16 155
469 799
660 774
475 584
519 683
408 672
501 504
64 695
138 223
581 713
840 867
637 710
159 615
141 984
416 922
110 243
476 778
679 710
218 855
441 902
114 667
131 523
260 592
389 494
445 598
447 749
67 220
319 568
340 915
122 894
289 647
201 952
199 605
558 860
189 593
301 856
265 756
305 970
160 270
324 399
158 995
621 686
768 851
129 292
293 659
893 926
163 779
142 857
150 210
387 764
135 465
444 800
156 890
160 515
69 892
321 829
363 595
252 979
674 763
468 497
476 914
302 340
184 936
167 960
562 815
228 242
451 779
234 559
15 316
570 638
550 930
36 300
223 994
115 288
166 987
118 831
174 584
375 679
818 929
105 282
299 556
397 972
270 362
344 1000
604 996
291 374
16 491
111 276
481 827
540 969
831 933
501 680
635 902
63 986
390 565
512 843
585 779
279 777
161 393
218 519
424 581
63 668
27 666
12 539
310 495
560 982
10 942
579 860
67 742
283 933
161 747
454 816
75 429
276 855
705 790
616 684
391 492
68 196
13 442
495 761
199 441
364 965
716 856
184 291
455 997
54 915
222 447
5 128
42 500
687 787
47 517
66 859
178 756
29 687
159 316
57 644
25 453
44 858
206 260
447 497
46 614
394 536
217 544
432 790
142 271
382 944
470 818
185 527
130 303
184 513
111 649
347 991
190 429
582 647
198 968
287 553
897 954
381 777
458 877
148 831
24 837
591 938
683 758
351 524
67 809
636 718
730 785
163 740
475 694
495 593
39 596
43 391
388 714
44 84
135 992
869 901
502 749
377 900
675 864
32 238
529 736
732 956
472 485
291 619
72 405
2 458
330 975
628 768
36 686
312 590
26 779
38 276
100 323
562 841
299 824
449 605
258 534
124 940
818 872
52 494
9 530
197 515
382 955
55 848
612 742
79 180
407 950
372 980
339 996
157 586
409 531
361 439
587 800
452 471
218 510
274 444
556 989
39 779
81 816
23 589
171 690
172 393
29 560
601 764
484 541
413 476
143 793
679 891
60 791
457 629
131 362
481 753
282 447
492 893
509 953
2 453
312 491
348 908
419 964
258 529
667 768
154 245
248 595
84 886
603 910
329 739
915 945
203 579
184 527
238 472
4 973
96 497
133 788
498 966
143 405
616 626
372 614
601 783
715 793
359 470
911 912
202 415
348 869
222 257
347 663
225 409
248 305
102 961
466 686
623 966
402 838
607 792
132 790
529 722
112 511
202 778
313 338
129 695
207 862
594 943
491 917
424 891
574 601
9 621
11 938
358 520
12 654
52 984
876 973
626 824
532 799
662 858
661 706
150 467
150 772
374 893
342 508
487 566
398 887
25 304
443 602
577 854
150 578
23 773
192 858
49 394
693 993
603 879
30 329
324 465
394 429
378 566
45 280
93 406
183 398
97 979
131 700
793 827
8 295
407 417
425 964
214 831
549 584
470 862
287 636
179 680
235 496
646 957
259 758
705 858
173 804
28 41
265 297
191 431
486 894
72 542
72 211
604 660
876 964
53 394
187 319
166 556
98 923
318 493
84 602
657 872
179 476
14 592
396 622
401 924
271 578
199 410
490 971
275 647
171 867
8 148
597 745
230 953
47 550
565 618
214 967
33 252
417 679
729 916
327 939
430 693
628 868
865 971
55 775
221 730
168 868
751 782
460 610
272 691
407 528
227 780
247 618
196 904
177 746
89 133
877 932
514 565
48 394
235 930
165 376
735 977
57 871
144 670
663 782
738 973
77 604
389 405
779 955
727 961
575 632
301 585
410 487
195 529
125 474
418 954
91 157
131 313
367 397
629 858
560 895
317 969
727 950
449 784
429 708
419 476
534 904
848 980
252 932
416 672
327 495
731 897
202 362
19 944
128 565
172 326
320 914
485 623
822 839
417 998
604 763
110 195
330 672
717 820
76 503
792 938
611 667
667 925
538 556
5 579
874 933
245 697
619 817
175 375
605 819
87 209
381 500
455 472
132 891
832 928
59 624
193 233
211 758
266 314
265 676
128 669
553 838
509 528
536 617
365 822
187 442
166 228
377 946
505 723
490 567
73 586
807 990
403 492
78 686
407 460
834 984
173 585
687 947
337 528
526 898
470 702
876 930
640 886
257 534
684 859
704 723
444 553
158 220
696 739
54 936
290 332
992 996
754 767
222 484
222 825
578 814
635 982
85 846
232 825
252 587
733 798
625 957
185 467
442 707
42 460
21 573
186 636
222 968
522 903
634 965
192 363
138 430
282 485
33 348
124 192
415 756
689 789
515 730
91 905
18 798
772 801
109 404
553 984
478 737
189 284
300 692
137 859
49 636
11 261
654 740
287 462
490 710
58 319
60 84
645 943
745 836
248 492
800 990
585 915
752 818
15 911
109 182
625 805
435 488
75 106
588 738
336 895
8 33
83 615
724 991
466 494
263 632
180 637
491 506
200 552
453 922
823 917
473 795
495 905
42 439
5 193
297 536
498 821
346 990
422 475
423 886
301 907
602 760
123 727
217 286
572 989
57 709
332 428
42 70
43 348
120 591
77 751
121 864
360 957
142 917
859 990
401 666
145 410
472 791
316 453
673 739
88 807
696 753
308 865
73 854
113 180
55 578
81 693
8 659
225 456
84 275
85 848
566 703
290 890
592 977
272 972
114 397
334 863
759 784
704 975
8 813
390 742
9 15
121 760
577 729
136 332
412 886
414 630
325 435
517 724
37 591
681 683
882 902
21 944
759 897
797 825
597 972
63 158
28 345
86 725
641 725
289 504
36 892
362 517
94 800
184 711
647 941
444 566
250 773
106 437
697 783
682 951
76 362
347 360
3 593
596 913
23 199
353 756
465 527
279 313
799 875
102 324
451 588
195 899
34 169
765 957
128 633
716 909
734 995
144 927
534 943
55 968
24 495
61 651
42 620
171 215
236 762
210 294
262 674
7 613
68 451
358 758
118 754
197 225
549 961
327 637
54 223
129 321
108 682
456 528
133 159
500 505
118 621
448 537
12 711
380 438
55 547
238 972
574 938
521 976
617 703
84 434
29 900
230 250
70 645
236 354
240 869
81 874
82 453
122 220
268 851
323 949
748 888
325 985
765 950
127 920
4 853
370 703
23 845
150 522
212 461
448 993
638 929
196 220
175 941
31 651
395 743
751 825
39 333
421 914
222 567
578 980
96 472
387 542
10 24
706 864
176 352
30 528
162 857
175 341
571 767
219 386
720 792
147 788
648 666
204 342
24 874
328 699
613 649
133 297
246 418
601 670
6 915
174 421
191 946
50 591
126 852
150 852
734 834
126 706
63 98
102 374
69 993
472 981
753 948
238 331
238 252
111 374
81 553
613 619
908 967
692 862
290 589
75 884
644 985
735 920
129 713
186 337
152 417
542 729
85 589
283 982
839 878
272 325
553 590
77 398
223 996
556 583
425 662
577 974
122 296
33 552
677 794
87 719
568 578
436 453
169 627
277 498
920 981
388 811
939 941
462 491
30 175
322 508
106 305
474 960
509 916
127 910
664 869
661 893
166 309
258 522
37 71
151 195
445 652
9 766
29 845
212 467
485 598
620 714
358 667
801 957
533 914
823 871
695 743
455 713
59 730
82 729
139 520
466 568
416 493
292 951
934 953
184 739
224 965
39 799
226 400
618 694
817 942
837 1000
289 671
654 893
291 751
572 734
184 850
189 958
43 95
188 381
445 991
45 314
335 608
765 833
605 748
16 960
309 906
76 592
149 817
683 978
224 803
392 986
617 972
300 392
246 800
174 220
433 776
286 506
656 837
175 525
254 963
790 844
310 492
628 930
277 546
24 122
536 795
65 658
192 593
63 374
51 675
197 283
253 675
142 526
698 845
471 909
2 283
164 543
829 848
437 525
586 704
282 590
209 678
137 398
138 746
28 912
569 984
34 341
555 733
2 138
607 812
60 335
384 753
558 879
316 366
867 947
518 633
784 984
345 745
71 201
127 956
520 930
583 743
358 661
803 959
70 340
517 570
900 917
315 415
685 884
358 612
694 962
87 912
219 827
94 323
403 666
262 277
724 928
85 457
86 295
878 884
442 787
611 923
45 300
138 811
729 959
270 691
345 754
492 775
476 969
129 241
332 984
223 332
281 430
727 762
472 747
569 707
753 772
292 384
516 906
607 971
83 381
299 840
103 269
621 623
17 769
288 551
416 498
804 878
74 88
458 661
221 556
493 839
222 848
705 999
392 806
248 299
27 834
726 927
122 147
140 163
486 805
586 904
237 684
398 874
554 593
77 259
385 698
630 886
316 823
208 446
155 524
283 621
50 359
195 200
286 604
603 711
569 603
74 980
491 782
537 847
476 525
293 694
132 703
331 857
81 526
480 674
118 437
171 339
248 596
178 630
584 717
358 647
345 612
548 872
17 873
275 922
42 716
793 985
99 303
66 588
51 694
269 286
470 523
90 208
217 456
326 623
90 269
849 975
370 439
385 514
922 949
26 238
210 643
137 417
227 547
156 944
603 687
31 883
30 905
565 929
143 255
751 906
201 407
516 858
99 275
79 466
465 599
823 979
419 441
20 473
132 243
705 727
8 289
137 821
25 786
28 361
798 840
31 145
289 594
344 739
87 974
628 902
419 518
539 997
189 367
779 908
136 666
616 634
284 664
706 740
103 259
248 789
69 292
159 584
715 901
241 714
593 862
498 593
338 762
445 907
46 236
854 868
390 638
50 211
124 641
752 879
344 972
311 557
148 241
336 812
405 697
873 993
240 418
280 739
170 654
63 258
160 574
360 859
158 644
583 715
486 748
309 536
400 844
437 761
224 475
314 597
701 754
495 504
80 671
390 998
77 674
376 624
395 956
468 801
432 898
363 445
144 567
400 731
845 967
40 1000
901 949
665 724
153 834
540 909
377 822
138 291
12 456
34 368
622 881
110 938
73 718
271 503
26 99
45 272
32 779
414 528
109 424
53 683
92 480
130 815
682 768
149 274
544 828
137 762
500 570
102 137
804 819
200 342
53 732
662 762
20 33
238 807
718 786
459 605
150 371
41 297
429 690
216 716
198 812
142 756
184 351
370 416
21 884
188 228
776 781
244 505
222 844
854 886
564 920
243 457
214 529
233 675
19 399
609 968
554 565
496 565
667 677
79 425
425 639
527 666
18 352
20 502
170 624
248 955
62 418
79 227
433 482
14 204
91 100
241 439
59 424
352 873
313 904
404 786
406 447
119 839
743 823
502 574
29 934
47 780
214 354
485 767
74 682
110 179
553 655
40 43
535 555
509 702
61 363
617 874
227 607
232 392
303 658
15 484
364 586
487 604
823 902
459 877
244 717
247 970
178 207
217 856
397 612
96 294
96 875
168 851
190 400
783 800
283 392
321 765
50 405
429 990
569 745
553 615
76 802
75 810
97 281
169 289
481 503
300 589
62 564
637 852
26 346
379 755
553 829
200 467
453 783
1 616
457 945
20 166
128 811
316 423
636 819
191 993
321 980
839 949
698 699
184 785
149 769
646 892
116 340
760 933
373 1000
299 310
121 186
181 774
348 570
458 960
383 789
115 916
60 230
170 610
137 858
63 294
561 680
85 218
140 859
253 755
235 479
347 595
576 647
95 977
334 620
577 1000
101 506
523 628
790 982
229 667
231 875
547 807
626 852
254 621
1 212
20 173
277 793
520 771
480 954
615 826
299 613
85 854
636 842
138 685
446 809
357 364
160 824
291 597
455 933
556 830
117 784
25 642
227 986
531 904
749 961
699 795
679 922
646 774
261 849
137 278
373 477
107 186
306 422
533 997
218 881
348 672
57 898
509 728
352 675
236 478
21 364
8 517
101 808
338 394
601 650
154 409
79 816
214 706
530 758
52 342
379 641
911 962
825 978
271 419
93 148
381 414
52 899
133 568
426 562
99 104
669 780
726 967
712 935
514 719
91 873
110 386
438 832
203 883
38 453
593 626
315 865
194 937
139 293
323 512
433 445
505 792
307 817
288 845
181 349
15 96
436 670
37 921
442 581
114 934
756 924
204 548
579 893
338 498
265 485
375 454
174 884
30 551
180 814
14 285
88 245
553 602
109 609
94 801
537 944
184 712
739 867
75 394
452 971
19 210
637 895
194 670
526 722
174 408
603 614
604 770
590 864
239 370
536 983
455 522
544 573
462 584
671 746
46 726
621 886
13 662
323 632
87 357
608 730
24 571
759 1000
939 982
873 944
214 423
549 960
569 660
696 983
344 556
438 641
384 968
94 921
37 898
332 419
225 255
354 826
463 699
12 704
640 750
142 473
53 343
163 628
476 822
240 791
422 862
314 959
520 766
499 514
150 850
28 448
139 629
581 598
33 64
489 646
474 844
473 695
36 384
390 395
12 76
113 600
493 508
311 533
403 419
555 954
153 277
544 675
444 487
161 920
74 542
623 696
57 804
274 866
77 78
4 306
6 513
39 923
338 484
318 328
778 793
62 584
841 990
235 443
418 889
344 674
772 917
71 266
23 103
462 555
251 347
126 853
141 611
291 823
593 724
131 990
426 559
683 854
171 797
741 819
304 442
356 566
106 673
676 895
236 745
220 230
386 839
331 647
352 406
207 429
353 963
173 216
484 773
413 617
838 956
506 896
415 720
396 902
454 949
199 242
533 904
112 566
590 603
113 117
41 638
152 418
480 639
311 980
712 741
51 267
15 236
141 982
36 295
555 849
350 672
777 994
406 571
261 710
190 834
100 964
373 700
260 594
614 683
557 793
390 893
327 837
53 458
146 723
698 811
184 844
352 905
518 652
64 599
190 813
409 796
105 109
246 469
163 502
109 472
127 370
628 738
203 418
132 708
3 724
57 197
718 947
60 764
326 870
464 918
379 836
527 871
13 221
234 410
414 595
456 518
383 736
402 468
147 948
121 465
247 554
639 809
214 886
68 328
489 803
348 643
294 601
48 729
566 736
218 402
201 506
130 560
112 779
370 854
259 332
681 928
353 441
372 373
212 959
86 389
52 160
159 652
293 666
94 112
202 347
150 235
8 262
596 805
392 528
411 835
428 675
565 691
54 887
94 885
38 363
493 526
556 679
444 611
462 838
228 304
85 137
359 542
285 983
84 714
233 843
342 733
123 625
259 849
131 635
478 838
154 463
27 887
449 824
85 463
411 468
690 867
581 586
156 932
513 826
474 800
360 535
37 845
591 737
651 660
191 215
211 694
376 450
394 439
19 30
592 615
94 123
517 867
351 872
335 375
119 554
613 970
357 934
102 235
818 879
13 207
172 366
253 885
287 666
215 674
56 996
179 590
457 784
455 773
648 893
684 721
208 820
45 702
172 842
335 484
653 959
600 821
104 357
345 394
291 409
461 985
244 802
63 613
248 880
123 432
412 898
162 406
396 580
54 477
133 962
101 712
106 645
251 634
177 371
397 589
159 295
287 754
432 709
185 677
113 896
368 707
258 427
295 664
77 154
188 808
797 886
155 679
337 568
441 889
46 442
361 977
106 532
216 834
100 154
7 702
110 745
456 496
660 804
347 611
58 185
646 974
756 973
336 614
596 666
478 673
172 833
49 71
270 921
38 926
347 656
350 668
111 188
4 428
439 757
242 624
190 293
118 774
601 706
47 211
541 707
64 95
323 324
126 888
198 293
342 917
257 984
202 485
455 981
440 563
650 785
776 993
392 694
722 975
708 945
79 718
198 739
490 623
146 326
111 552
274 348
130 249
186 394
535 800
58 676
596 818
616 954
727 754
138 930
217 350
271 791
54 856
511 713
57 850
205 857
21 316
223 947
426 723
98 491
82 113
350 841
724 765
60 970
619 855
359 517
196 556
638 863
515 912
950 956
96 919
6 878
246 980
299 522
389 900
156 945
156 638
305 924
267 549
456 843
74 262
398 679
308 756
111 298
96 172
147 251
521 887
408 419
79 477
10 244
229 448
304 340
655 851
473 860
761 894
98 700
190 501
46 452
379 428
197 755
218 351
218 648
658 698
238 794
404 774
385 860
884 998
333 574
5 598
816 915
601 675
161 824
473 638
219 500
829 883
132 453
24 860
4 69
5 999
209 318
172 966
814 824
464 578
226 286
874 985
602 933
283 816
212 875
291 691
145 748
453 608
18 937
56 215
314 685
439 909
184 886
904 986
405 696
222 409
203 495
601 637
531 870
415 530
132 251
995 1000
210 486
359 369
824 993
714 832
511 767
717 768
424 697
421 937
687 728
597 917
139 926
781 920
123 530
274 423
592 865
296 371
190 222
136 529
799 899
193 576
505 905
15 986
143 699
327 355
352 954
244 760
336 361
231 921
765 886
144 411
2 428
366 821
348 448
386 783
188 391
46 907
583 707
514 966
73 559
93 969
131 426
518 895
170 460
63 561
691 815
268 625
692 902
252 704
76 277
594 628
242 490
619 644
263 986
66 713
503 828
175 473
551 685
399 981
418 468
1 987
493 699
296 862
207 902
760 920
189 407
577 755
210 329
562 732
728 833
873 978
283 584
726 811
531 884
125 613
788 923
149 879
520 589
388 550
631 874
118 406
530 891
239 488
792 940
738 962
78 724
149 395
613 865
174 968
691 747
230 656
619 819
397 897
913 936
364 564
54 280
93 136
441 965
204 858
122 514
230 317
107 571
52 806
311 571
257 480
738 763
117 179
248 521
172 578
926 961
356 764
321 835
47 109
407 691
490 586
674 713
553 981
766 847
32 794
608 686
281 974
82 851
47 466
674 911
269 425
487 829
608 797
271 303
38 549
144 280
2 922
205 641
18 235
8 429
463 599
336 389
410 928
140 812
308 925
473 602
202 440
61 525
261 949
264 881
302 450
283 796
530 532
416 833
287 828
36 39
273 403
128 256
681 993
327 334
540 605
232 657
230 928
247 407
639 945
410 649
140 440
436 649
550 568
457 658
184 897
424 518
5 546
407 455
500 528
304 689
581 745
89 337
401 679
772 946
98 970
355 680
67 681
505 564
36 514
368 557
38 112
93 837
479 700
243 479
211 829
397 463
400 898
347 880
2 695
3 754
591 678
371 409
118 742
176 857
66 920
124 300
125 624
329 378
183 627
308 589
278 854
725 790
482 840
706 789
836 964
86 720
620 947
414 668
312 834
97 871
725 903
265 332
693 750
88 158
716 769
788 857
4 722
95 110
59 303
439 886
276 799
285 364
352 868
124 692
126 325
71 241
839 938
791 792
244 731
5 643
333 822
49 531
581 842
269 729
17 61
127 869
58 803
240 509
60 245
351 918
406 489
652 900
355 467
67 518
155 356
63 152
31 99
17 816
566 618
342 703
749 842
625 836
640 744
419 728
516 765
42 645
424 643
828 868
133 293
120 711
9 340
228 531
818 952
484 591
216 229
14 88
140 729
399 897
515 1000
769 805
35 875
26 945
426 570
5 822
140 470
567 900
164 775
697 894
607 850
521 655
189 777
188 458
208 963
23 395
228 398
7 152
321 815
527 710
107 353
201 849
73 612
327 458
861 941
112 569
95 958
77 671
223 245
385 416
792 864
209 559
137 218
286 295
229 548
187 642
461 682
198 1000
52 995
345 420
157 657
666 867
404 830
96 999
226 810
812 997
358 982
747 885
567 620
435 948
224 380
578 816
405 655
372 726
669 797
636 848
490 518
107 457
734 1000
141 762
299 984
214 447
16 620
57 368
58 821
385 441
645 880
576 826
353 826
136 715
428 505
215 963
215 526
364 836
240 378
238 416
4 568
439 812
204 682
55 79
226 366
133 279
799 970
138 361
763 992
216 702
250 344
126 495
152 378
445 971
409 794
616 713
118 851
320 337
195 316
892 910
482 951
140 606
680 721
1 509
91 392
84 999
57 630
369 900
226 730
575 875
121 350
194 947
32 820
86 507
399 693
861 959
644 987
699 806
169 810
221 256
154 331
154 753
122 778
446 915
639 803
105 133
108 860
285 409
713 921
53 344
217 489
290 954
24 883
244 982
101 843
190 835
140 710
216 250
586 914
68 686
271 540
436 455
277 837
611 870
315 799
118 682
413 752
233 492
801 962
161 501
142 860
178 705
329 398
94 565
754 866
646 843
19 454
334 953
314 887
248 901
420 851
511 914
285 481
412 852
472 845
40 625
2 984
735 899
554 669
41 614
408 682
336 455
135 713
80 370
245 825
232 248
198 989
252 656
17 170
935 941
536 901
666 892
921 953
439 745
440 485
425 669
79 331
190 842
405 553
470 604
255 672
201 505
420 971
109 138
20 795
200 954
524 782
122 570
49 935
216 571
13 836
415 560
107 444
329 892
716 947
311 611
111 390
115 985
167 869
118 422
562 850
389 577
546 677
360 890
200 270
166 445
41 623
41 148
119 918
63 165
245 727
634 694
279 1000
340 573
180 327
469 927
237 882
398 544
38 621
794 915
541 752
248 287
157 486
308 853
76 762
147 666
496 541
499 654
78 902
389 569
28 239
618 718
467 770
486 952
286 592
68 86
473 840
438 714
112 461
117 974
5 745
815 982
389 586
11 811
85 288
9 561
238 461
410 704
113 418
612 762
115 386
367 614
268 830
355 509
102 652
86 202
548 971
608 988
458 872
165 297
8 727
10 368
249 518
106 409
35 328
196 768
675 696
603 797
90 949
514 701
608 757
660 950
292 307
69 963
96 270
258 533
25 774
542 680
137 777
561 671
851 965
636 994
542 893
213 799
362 705
456 572
181 838
1 647
456 497
273 855
145 538
167 311
426 745
8 591
772 994
744 910
45 460
670 879
488 930
267 990
90 666
549 555
142 542
555 700
204 824
297 445
243 802
390 471
266 692
49 268
283 805
103 412
506 647
391 938
121 596
255 768
734 807
301 808
626 715
274 919
681 922
3 674
527 640
252 470
469 840
54 686
606 907
772 858
197 632
408 798
217 300
828 974
479 514
461 744
257 645
462 809
416 758
476 881
117 444
816 925
135 327
283 326
88 174
324 652
252 865
17 150
182 189
276 306
170 956
120 180
194 711
380 766
215 874
457 611
166 255
573 661
165 743
190 753
616 787
484 857
802 889
88 460
362 672
99 943
170 645
557 588
245 314
27 449
888 958
374 598
160 569
782 900
117 276
621 974
549 588
424 894
538 734
481 550
133 213
300 619
139 920
122 647
84 751
108 259
14 790
932 970
664 947
402 813
1 245
421 741
441 612
151 476
373 865
444 759
376 805
525 837
980 990
108 965
487 563
182 905
349 526
351 355
152 864
696 808
434 707
568 989
203 741
310 716
386 821
276 596
99 980
261 461
445 672
118 389
45 528
357 985
563 674
580 923
140 945
674 867
141 915
53 721
111 686
292 884
21 146
240 307
733 985
388 960
79 140
282 568
28 36
85 181
340 419
358 518
198 811
416 627
34 629
326 607
147 155
75 918
458 652
137 542
465 505
600 897
413 420
86 321
328 506
733 816
381 592
91 323
420 797
127 513
649 724
337 650
156 823
670 681
84 799
374 561
235 790
144 983
716 965
329 349
58 702
203 801
96 298
366 367
323 718
306 973
474 558
272 709
364 884
509 818
60 976
114 130
60 74
781 912
157 555
983 995
414 426
90 171
35 412
71 785
241 762
19 288
223 830
148 274
792 981
579 952
564 922
230 804
618 645
747 811
567 938
126 302
71 603
56 230
58 726
113 971
128 206
381 916
129 622
834 941
413 696
33 138
289 829
343 571
553 979
271 709
682 700
20 955
554 706
42 543
168 281
353 771
264 503
447 585
121 850
377 543
290 449
400 700
334 608
389 411
444 557
266 797
107 685
128 737
163 239
71 782
239 344
702 832
186 641
115 285
672 690
70 820
513 872
252 386
54 392
354 933
156 344
376 937
177 197
431 795
585 653
18 345
471 593
292 325
238 275
239 980
22 954
574 802
133 749
404 481
246 878
63 876
312 635
478 765
600 888
468 713
378 772
15 786
931 957
506 971
218 877
296 474
349 368
258 890
96 988
478 652
210 717
137 379
394 679
360 961
185 543
418 971
128 402
652 766
780 797
284 365
102 556
18 449
435 968
76 207
259 569
538 795
116 771
44 475
599 694
301 911
585 694
231 504
455 752
844 862
261 854
8 945
427 626
816 984
621 939
485 670
205 697
26 758
156 392
265 330
229 665
339 920
909 999
239 366
332 572
666 902
189 901
64 385
249 907
121 958
837 912
677 715
180 437
492 826
258 481
793 876
243 591
225 1000
282 830
100 537
88 438
177 845
271 720
291 548
312 415
200 229
61 743
722 739
82 761
134 966
407 906
565 764
286 290
86 721
158 745
142 461
785 980
40 115
152 940
316 448
245 657
742 812
691 705
581 610
379 643
585 921
448 701
324 733
17 274
182 569
550 786
438 983
901 912
96 239
408 945
98 223
151 668
77 376
523 764
101 370
23 630
103 883
658 998
491 500
697 705
55 257
862 915
349 612
171 953
353 958
100 203
778 898
301 897
656 869
252 286
272 649
57 792
238 857
95 944
719 735
274 677
80 732
374 466
84 252
180 808
126 403
948 978
414 644
18 670
203 524
94 376
131 398
223 577
258 839
775 867
6 932
133 292
22 355
5 489
263 929
30 483
402 890
646 724
370 509
277 484
334 751
155 389
28 634
138 768
378 397
127 555
809 896
290 880
168 674
188 459
562 760
209 413
84 833
693 989
529 852
584 703
656 860
620 728
201 235
937 990
241 950
425 792
561 721
30 556
490 869
287 422
507 756
697 932
91 526
221 446
238 414
189 746
389 504
318 925
340 476
103 784
341 458
18 402
273 922
290 792
292 532
353 404
741 776
333 854
617 845
320 662
194 518
117 238
123 219
512 687
195 909
88 935
89 581
161 506
218 566
644 667
424 596
208 374
460 607
711 892
105 581
786 798
343 749
384 412
882 951
19 991
519 686
385 440
245 763
299 677
266 848
194 405
47 835
33 494
250 675
141 528
283 367
466 581
438 521
4 451
41 644
357 727
47 816
13 960
680 920
42 970
560 766
723 794
461 900
246 623
155 403
151 285
46 742
525 763
175 395
231 542
602 869
468 541
30 171
230 318
240 404
19 448
292 610
39 573
480 642
758 864
136 356
689 815
730 750
358 808
195 771
252 976
76 428
705 879
260 973
498 935
298 882
119 899
212 649
83 815
56 634
56 501
314 530
23 549
579 995
120 146
121 447
50 581
527 574
162 395
145 276
383 987
612 919
276 391
903 912
647 810
192 297
46 745
356 575
391 982
396 483
275 786
312 701
8 972
207 436
136 214
483 919
541 799
192 915
23 401
544 782
154 157
337 445
307 783
197 532
164 652
164 345
203 309
95 916
688 903
467 597
176 273
179 755
553 692
700 957
4 559
439 744
226 820
170 985
586 922
476 652
510 775
77 928
577 885
776 974
210 374
27 737
14 420
396 410
220 246
38 853
313 749
647 741
83 844
580 630
28 717
448 969
583 747
107 249
289 587
235 275
200 708
38 531
312 329
802 907
452 493
237 444
737 755
38 55
453 820
76 868
173 852
136 624
727 920
138 860
392 827
378 687
323 344
324 551
432 625
328 546
37 304
184 860
438 502
77 857
208 451
539 824
501 701
563 984
581 910
322 950
142 352
166 751
3 708
207 442
463 753
372 493
135 451
266 997
122 949
157 732
121 683
362 433
12 526
282 690
678 828
4 272
423 915
190 337
171 503
872 947
49 697
139 571
88 161
14 770
702 955
41 813
315 948
392 802
62 757
730 797
250 822
68 644
586 908
197 402
311 707
493 732
132 377
723 822
134 283
599 646
158 519
123 291
214 959
768 828
734 972
787 882
310 322
116 834
356 699
412 757
16 251
568 952
142 929
109 925
772 995
75 789
55 58
60 973
438 637
315 425
315 604
463 623
82 705
118 288
389 776
482 698
392 858
68 167
306 620
52 515
839 847
592 894
75 95
365 377
720 766
538 636
482 992
798 938
319 600
196 694
156 609
831 906
398 873
860 940
110 457
510 824
3 238
491 697
293 546
8 686
329 472
74 285
145 827
447 967
576 631
11 715
602 832
489 995
471 695
38 693
660 958
681 810
310 755
404 455
384 455
685 978
208 917
93 566
700 867
48 409
13 255
215 472
271 785
57 413
115 745
404 716
77 98
26 641
120 657
83 976
373 758
851 954
356 484
264 427
358 533
142 742
909 976
144 572
109 220
18 742
592 885
272 411
132 899
938 986
683 728
391 930
268 725
35 802
328 461
53 992
171 873
461 527
761 915
780 978
530 582
529 726
435 672
646 815
613 995
852 858
335 758
211 393
603 923
287 489
179 240
509 831
129 398
660 820
167 594
917 930
404 445
521 599
43 858
210 742
82 102
542 554
466 530
229 635
162 901
142 745
269 618
876 969
471 914
513 606
218 825
240 849
578 691
560 837
689 924
393 610
413 895
505 902
566 709
487 562
58 709
168 722
649 799
467 801
216 938
250 505
142 380
418 733
678 713
537 657
168 300
350 483
300 793
137 758
302 717
670 822
433 501
126 945
221 899
612 671
334 535
598 889
530 662
429 460
87 223
90 161
14 798
145 925
665 780
21 872
243 824
62 348
615 787
139 993
34 143
161 458
163 314
199 989
290 859
381 623
457 620
630 862
538 783
79 571
99 847
25 880
264 813
61 593
147 702
263 673
177 202
584 662
490 582
808 810
164 846
111 577
220 277
497 952
116 489
333 605
425 817
707 797
300 349
232 742
47 462
193 864
33 318
269 437
50 811
483 637
48 398
733 977
76 500
131 428
98 498
171 456
261 326
278 827
176 584
176 925
338 856
248 806
315 437
306 528
37 373
296 518
331 943
615 776
429 704
15 408
553 833
108 385
127 521
627 935
184 774
738 766
57 581
225 529
170 825
704 999
208 567
600 707
323 435
252 507
162 633
289 359
94 953
366 649
238 759
261 867
116 496
596 848
635 826
209 915
245 847
896 985
87 124
52 639
492 748
14 211
610 628
148 894
397 761
113 737
337 985
691 822
327 887
589 981
400 716
153 388
744 865
229 401
319 613
492 965
258 492
167 234
24 407
297 997
687 974
85 365
584 644
819 872
34 240
198 708
474 910
607 905
574 803
166 363
455 833
300 697
135 760
389 664
616 927
11 256
672 913
358 601
123 586
161 873
145 428
382 414
146 617
94 388
463 593
246 323
447 779
194 893
102 452
691 831
412 606
752 831
507 789
698 727
363 421
526 817
609 622
479 689
336 892
226 288
464 475
82 550
636 846
284 366
86 934
680 752
400 909
769 833
315 852
27 686
173 248
372 867
711 923
125 629
109 987
183 628
420 717
40 307
8 946
831 887
135 753
209 909
673 928
428 860
265 504
287 458
205 865
569 759
533 985
259 726
403 797
65 155
211 846
782 795
15 326
678 983
368 559
94 709
336 883
116 303
281 700
637 987
726 963
88 979
158 346
195 322
487 591
108 494
159 679
109 654
200 993
4 177
426 908
298 402
66 918
486 567
782 960
379 491
32 357
883 897
384 546
665 983
133 734
334 971
462 682
482 838
27 993
196 421
235 575
161 304
269 559
36 881
695 823
113 660
697 921
496 827
243 876
118 989
11 565
28 954
33 75
51 161
182 574
590 796
112 294
115 585
239 374
580 645
796 970
462 580
216 997
18 304
242 777
556 816
667 863
282 774
227 964
407 728
63 448
359 873
213 878
892 978
107 362
202 650
275 285
221 254
367 574
169 821
546 759
375 451
158 170
58 874
586 788
253 376
364 848
532 869
696 987
496 818
12 270
159 201
604 797
219 655
626 696
42 274
441 999
6 377
248 696
796 961
889 942
229 437
195 253
68 117
413 814
307 906
65 979
74 899
164 478
644 669
59 151
630 692
850 963
300 859
154 634
447 516
67 439
397 645
90 425
362 761
772 794
331 468
758 902
154 327
427 600
262 561
83 138
564 612
281 936
375 877
567 761
269 918
35 111
326 530
383 583
874 908
102 480
85 99
817 959
113 791
371 449
153 822
225 897
43 108
151 263
528 913
266 639
303 470
30 378
107 542
399 500
610 712
682 845
493 655
4 520
313 729
614 853
276 926
592 963
599 853
11 769
102 194
302 335
66 995
15 644
325 417
475 476
718 983
457 652
792 873
278 308
278 889
79 214
389 810
150 761
263 442
375 874
68 325
582 668
397 836
200 362
435 782
518 761
251 809
584 901
386 723
495 568
316 747
42 260
522 583
704 953
502 666
780 825
748 883
394 978
508 693
17 405
36 695
233 631
571 810
94 560
146 925
242 255
61 665
26 816
28 307
484 768
233 378
267 746
362 747
327 623
18 889
40 278
684 743
538 758
320 967
100 880
10 498
746 952
140 292
12 753
638 831
128 478
59 899
386 465
225 802
302 639
193 985
474 861
608 952
54 463
21 67
370 858
39 676
903 915
812 868
320 741
44 100
174 693
353 531
621 862
106 864
33 192
270 279
734 984
536 606
572 690
918 930
258 477
631 959
235 563
65 855
65 410
393 821
138 909
247 950
602 675
195 692
90 841
566 782
34 746
470 494
533 926
312 323
202 891
185 366
884 902
900 931
246 860
123 637
141 972
553 699
625 870
37 165
440 487
20 694
3 544
593 682
111 759
124 205
38 616
187 853
194 737
16 340
90 574
382 869
623 937
169 632
556 892
43 396
719 869
390 558
198 765
327 972
272 606
39 487
702 744
206 262
465 760
191 312
48 570
506 913
106 250
17 890
639 834
324 991
309 519
145 475
511 735
532 657
225 280
244 951
47 857
304 580
784 830
672 985
269 495
469 610
161 750
329 604
20 701
44 203
79 338
101 310
374 673
340 497
323 347
378 684
74 863
37 319
220 388
221 583
58 558
294 328
206 516
524 775
281 883
283 659
530 602
69 110
159 315
783 806
201 747
273 707
142 353
628 755
494 692
813 916
577 651
812 968
390 688
155 675
836 896
563 840
446 571
565 697
162 774
73 500
183 700
771 887
369 574
540 822
872 948
640 708
623 846
720 760
735 768
94 754
274 446
645 995
461 982
134 722
48 714
605 841
17 480
110 914
566 753
290 820
458 761
438 901
57 551
130 513
78 911
854 966
211 576
138 983
361 664
840 934
377 450
583 587
341 812
57 221
465 807
154 314
299 360
303 927
877 955
456 574
53 708
458 782
807 912
495 818
499 576
482 782
407 973
86 195
252 703
253 295
73 334
218 820
887 897
386 543
313 549
495 756
8 704
762 764
245 584
66 823
304 449
837 975
729 795
414 912
396 638
751 905
110 462
181 614
75 626
260 318
134 275
9 653
317 529
50 355
105 980
126 131
734 948
181 988
199 315
590 967
89 946
120 547
155 689
232 327
84 883
87 390
480 533
411 984
67 704
104 342
638 834
322 766
825 935
110 155
163 520
370 435
439 768
334 693
81 503
79 297
46 855
319 576
502 511
506 652
415 476
471 734
366 496
24 444
794 797
635 953
335 576
138 396
230 469
121 716
514 653
141 775
382 607
127 855
437 774
196 903
269 386
658 697
309 539
1 346
238 793
573 885
245 681
66 301
35 861
822 998
380 506
414 708
660 676
73 376
236 988
369 879
3 984
258 775
704 891
228 988
349 667
673 697
690 761
525 835
520 697
15 990
400 477
660 990
628 672
221 683
519 979
612 954
591 710
5 698
615 874
284 973
602 742
654 983
307 971
178 222
128 572
532 717
110 331
497 902
580 594
266 467
88 730
600 869
363 989
161 239
507 711
201 784
309 479
216 399
93 973
386 633
807 959
198 611
116 975
172 476
100 769
249 695
711 724
179 732
365 686
494 946
153 838
206 760
173 688
427 822
333 378
11 506
145 730
146 232
112 403
41 454
706 925
856 904
106 266
105 975
35 247
430 702
516 987
205 571
365 976
960 998
25 429
153 557
172 324
192 528
27 465
673 924
210 476
119 512
208 310
686 928
487 776
105 517
374 509
112 172
180 847
57 874
335 450
46 147
619 831
359 557
837 876
70 672
306 529
68 132
363 438
16 887
574 735
187 900
223 824
229 802
140 648
161 450
14 491
662 984
610 860
277 891
167 673
60 381
169 591
81 363
621 806
567 981
199 287
736 810
182 381
475 543
791 870
169 403
167 822
79 239
405 909
338 522
137 743
228 747
502 884
267 465
11 839
268 916
549 944
410 821
164 709
54 364
221 916
520 735
973 976
575 620
614 670
134 537
47 733
265 350
11 411
449 678
83 290
67 243
913 941
109 372
144 238
290 334
334 657
210 867
411 750
563 925
600 913
178 888
48 809
340 991
400 919
346 514
595 867
575 834
485 514
330 581
275 850
130 358
2 998
663 938
561 683
835 875
159 411
108 159
271 893
236 945
660 713
493 904
314 618
100 481
337 977
