1000 2000
214 692
236 379
440 625
353 398
278 463
303 679
438 842
227 985
14 985
509 874
119 495
583 683
1 191
292 874
39 309
23 522
597 950
30 584
469 547
255 844
439 890
174 663
124 696
520 918
631 989
101 525
137 649
47 961
356 749
124 303
492 843
93 953
23 487
119 484
435 826
309 754
128 354
212 920
446 643
214 561
832 927
50 884
33 148
517 735
368 880
463 702
172 876
29 789
180 810
513 936
145 220
436 579
473 690
59 313
611 884
26 34
62 363
121 539
191 589
530 636
35 765
615 949
248 552
124 234
223 246
166 857
523 526
299 885
210 434
176 366
507 758
643 709
71 265
129 501
475 826
257 629
352 768
278 726
340 907
607 823
21 747
524 796
686 759
657 751
267 615
306 694
130 722
661 886
351 421
557 634
645 893
208 263
614 805
462 881
325 683
273 768
770 917
456 619
789 797
39 146
126 274
146 779
220 440
5 805
176 745
249 370
378 413
198 640
75 154
410 755
646 998
764 771
107 737
921 949
578 603
401 967
348 823
180 549
90 935
109 799
165 680
207 891
103 140
656 766
233 520
151 896
566 629
42 811
296 994
367 791
631 732
500 831
48 733
485 819
489 637
218 971
85 435
17 563
577 689
63 849
356 378
93 292
292 415
386 964
580 970
88 871
505 1000
240 241
62 270
300 928
945 992
178 827
729 953
752 913
142 273
625 646
751 856
500 587
146 681
164 216
311 684
899 944
591 944
264 819
446 592
269 660
734 946
435 596
661 915
173 621
323 727
379 879
267 834
218 642
607 635
242 934
259 649
227 720
618 982
307 734
141 555
515 943
46 664
708 763
175 892
343 494
293 544
178 813
14 447
469 853
113 448
65 818
52 613
206 892
463 630
192 469
66 585
347 749
383 529
644 816
95 470
314 421
484 514
808 943
271 492
538 827
353 567
28 700
506 835
198 617
252 772
533 954
248 794
283 336
158 234
911 999
56 876
241 717
644 831
727 958
290 661
440 709
438 879
44 933
706 899
50 863
368 748
347 896
93 518
584 736
811 884
600 789
327 718
81 797
27 249
393 617
46 870
432 534
69 185
808 925
145 729
187 418
382 590
314 803
99 405
128 488
702 973
52 948
537 583
959 985
533 755
1 386
809 928
133 592
871 952
319 816
358 725
312 631
5 572
804 807
15 717
149 988
140 817
141 584
312 800
645 968
23 185
62 332
671 765
124 683
398 850
1 78
524 977
533 621
122 992
11 258
160 600
269 421
144 284
576 842
133 310
613 662
134 529
176 632
928 936
446 856
431 634
565 792
49 351
109 509
128 618
237 275
19 416
132 767
99 868
378 923
882 910
791 887
331 886
64 230
859 991
91 572
389 394
268 538
313 603
257 771
85 706
529 674
180 746
197 249
348 526
199 737
288 612
610 865
19 869
780 925
124 295
397 650
109 384
475 951
141 161
53 949
170 883
728 953
488 702
655 870
365 788
5 61
562 759
136 910
68 902
540 725
568 768
271 848
56 490
192 762
67 215
837 999
755 815
111 262
22 167
459 948
6 813
136 550
395 652
514 730
575 723
42 736
459 658
283 983
138 616
378 814
343 351
308 981
240 382
256 755
422 842
205 346
391 510
14 46
586 919
698 752
207 571
429 525
655 697
417 752
1 782
420 493
705 755
83 835
123 649
547 548
92 421
882 941
461 809
84 462
12 309
34 774
492 897
256 308
5 135
262 766
50 134
402 552
479 554
446 506
746 798
196 934
54 881
366 583
147 955
256 903
519 665
98 525
579 860
138 193
207 664
655 981
162 980
164 976
553 714
93 204
448 861
512 834
414 972
422 550
186 506
179 290
459 697
525 972
141 963
163 192
203 546
558 774
724 935
466 883
654 846
70 731
147 421
153 590
138 957
44 736
63 531
250 265
130 620
650 733
100 417
378 693
328 450
148 693
129 525
224 275
118 206
458 957
276 955
279 478
69 427
418 830
588 889
129 868
295 985
276 554
816 922
65 284
49 122
249 674
128 444
242 621
466 869
50 612
435 994
662 818
259 979
556 875
498 680
444 876
138 988
158 411
35 194
398 426
83 206
304 668
428 645
340 743
782 897
269 541
179 675
509 803
368 953
681 741
756 977
228 298
449 728
269 931
489 770
256 685
154 926
686 698
664 991
39 52
224 854
217 838
40 713
720 961
312 611
4 377
580 920
486 751
111 685
330 702
130 966
26 320
777 819
208 685
706 896
567 961
113 497
131 677
152 734
252 796
292 443
495 843
357 481
161 820
256 699
403 883
243 454
136 449
30 296
14 486
198 259
91 778
104 175
325 900
41 552
100 366
62 445
28 373
448 550
567 640
713 964
347 578
921 963
134 548
33 428
159 548
290 309
204 741
116 583
564 870
43 465
62 878
322 574
713 892
408 887
91 122
181 687
243 295
320 461
197 815
436 934
117 871
376 755
325 997
968 983
92 138
95 816
353 484
931 976
256 983
41 71
60 229
82 844
485 657
97 275
315 452
588 738
321 379
85 386
183 911
371 970
333 831
207 462
656 875
417 579
163 419
760 794
850 868
391 670
416 458
824 898
343 783
296 623
463 603
470 571
152 174
315 330
443 519
796 974
926 933
433 922
414 999
473 796
95 806
48 611
378 604
56 110
532 746
400 790
228 642
671 768
265 486
450 826
127 712
738 1000
97 301
421 695
372 717
378 398
19 433
578 938
228 887
684 757
188 447
260 988
9 462
523 990
586 684
70 384
151 410
502 540
395 403
496 767
244 696
219 561
133 450
377 394
46 587
729 971
270 639
787 957
10 24
764 783
485 693
205 672
745 800
500 812
473 697
122 554
28 589
197 925
254 838
178 305
70 355
534 808
150 764
337 622
46 957
913 1000
489 827
55 74
437 940
629 786
870 915
393 672
15 537
622 819
58 854
350 989
647 755
248 899
708 995
235 978
347 960
24 702
21 980
85 129
569 870
306 580
930 961
338 799
841 858
734 844
492 898
201 507
55 496
503 995
470 969
254 880
610 729
635 886
391 867
780 898
267 740
236 416
482 685
416 606
249 964
252 540
350 572
44 529
207 520
340 356
345 348
348 484
243 573
193 347
798 855
504 944
310 669
38 365
705 893
743 797
583 884
402 706
20 245
703 912
655 989
272 569
695 923
165 759
117 659
209 357
636 881
234 359
81 216
320 944
232 348
276 556
387 611
82 121
138 525
362 460
234 537
252 675
849 982
21 677
23 129
390 908
32 572
567 580
213 627
399 429
244 738
239 937
810 886
242 286
315 739
135 873
778 863
233 347
404 894
651 986
45 124
162 312
73 902
224 993
23 158
133 932
81 808
673 684
366 492
846 954
302 852
69 93
217 892
129 280
384 629
292 649
224 719
403 467
171 328
100 370
373 956
11 860
303 362
286 470
234 949
217 416
932 968
45 134
33 710
710 760
125 440
115 523
447 968
603 878
68 499
493 603
39 388
61 716
509 827
150 685
118 310
266 720
729 761
52 928
159 908
149 491
280 374
155 610
120 192
101 668
617 888
963 987
605 849
521 866
214 964
214 393
213 767
142 783
113 941
75 754
263 821
289 620
72 844
549 907
644 913
758 964
213 934
568 651
467 957
696 837
254 381
660 992
606 865
331 837
17 664
53 362
453 885
368 943
240 303
212 784
37 652
269 862
143 211
532 623
329 504
702 813
30 238
503 939
17 512
951 968
438 677
497 949
481 979
173 584
247 635
452 513
859 963
404 748
42 683
338 408
224 900
192 253
672 892
57 594
747 948
128 516
445 710
392 558
135 270
9 109
172 309
233 884
612 688
757 771
298 824
836 867
68 245
630 820
80 112
524 891
136 524
106 467
99 870
423 881
411 873
157 346
324 906
338 507
232 735
416 549
58 906
496 824
336 557
342 440
20 180
574 759
169 233
663 727
31 834
398 663
171 839
394 624
569 659
93 950
320 420
156 218
587 678
71 867
718 881
2 870
24 135
559 702
597 956
13 976
422 950
350 606
281 649
47 602
14 458
148 629
547 563
469 779
534 799
390 804
355 591
48 421
432 447
416 910
438 560
314 514
265 383
229 251
488 998
584 923
808 986
533 856
73 268
610 903
129 981
630 793
250 892
95 791
565 600
309 410
37 907
10 947
597 989
318 328
177 568
381 867
111 147
131 506
384 894
433 710
658 834
73 309
438 736
813 940
81 326
82 332
63 498
706 969
636 989
861 928
297 305
649 932
118 636
466 574
142 573
289 386
551 931
271 278
320 883
366 917
353 542
462 488
309 379
274 376
644 655
256 430
461 709
887 899
875 955
255 579
293 983
510 551
666 697
243 360
407 933
413 531
661 675
212 840
156 538
474 658
354 553
463 483
63 403
657 734
198 766
643 799
146 912
275 793
550 761
687 901
210 267
241 860
699 760
295 635
654 730
587 820
197 853
129 896
24 832
727 926
506 628
113 830
662 815
232 882
123 296
583 924
329 441
42 584
314 888
136 194
717 796
775 810
192 681
618 995
604 837
876 994
344 702
308 375
205 323
222 675
333 345
176 412
36 601
878 885
862 979
734 974
94 980
238 722
394 513
602 689
732 736
147 638
209 969
18 36
219 819
501 784
221 604
607 797
142 364
37 960
10 92
283 541
910 971
196 362
180 684
87 816
622 703
97 507
392 404
559 828
911 914
93 879
4 94
298 994
419 894
753 932
112 497
438 771
43 971
59 766
110 159
510 725
220 555
684 768
301 940
361 654
13 301
91 504
608 665
368 744
480 689
432 820
432 899
295 485
353 732
727 955
537 747
333 718
245 412
806 834
19 502
68 967
324 806
457 482
2 904
335 828
677 832
91 296
132 459
133 926
248 659
448 794
509 533
81 163
68 628
196 244
60 676
302 729
31 143
877 923
184 557
21 165
646 941
258 866
27 322
600 799
590 773
327 778
131 177
81 367
689 786
234 330
325 454
111 447
168 852
23 899
18 235
528 804
263 492
340 447
702 842
481 777
388 408
372 754
362 895
112 842
575 846
195 831
384 996
297 678
27 419
144 645
198 903
552 993
438 556
695 828
95 431
11 404
244 471
45 226
48 804
163 875
36 507
627 952
206 911
297 542
423 703
423 880
541 803
232 262
5 666
117 330
507 630
142 349
282 759
744 950
389 503
68 842
1 44
312 817
44 569
64 391
52 819
429 951
303 994
593 898
613 820
875 879
417 896
747 751
571 739
382 397
476 824
422 804
168 984
150 856
246 342
120 124
799 964
502 539
13 975
51 164
341 919
180 267
742 806
203 922
150 390
81 314
45 777
102 911
530 948
33 63
397 566
626 924
310 843
424 763
313 835
350 434
480 610
105 155
50 963
451 793
132 945
495 895
4 910
210 688
262 889
799 973
318 465
48 224
251 798
88 823
456 827
92 652
868 903
235 841
758 872
117 144
65 839
62 819
67 615
543 574
485 546
307 830
497 841
132 614
44 768
108 306
132 952
341 468
658 835
93 254
351 698
635 909
121 544
72 124
622 814
56 976
425 779
467 589
287 992
155 949
45 174
341 477
531 718
310 615
26 583
182 765
167 264
649 940
269 504
109 249
756 864
656 921
395 440
602 967
90 560
73 147
453 989
383 394
3 248
313 637
278 505
61 572
722 995
247 796
655 894
87 264
164 827
491 797
91 845
167 869
423 778
216 885
220 798
227 234
83 369
686 999
145 374
242 469
483 891
605 882
632 932
1 797
346 909
471 678
550 753
610 795
148 996
132 256
797 892
483 898
46 432
447 551
124 912
68 997
269 409
422 692
124 519
69 311
40 67
572 750
578 728
150 993
541 890
858 978
512 860
347 501
224 819
176 182
401 727
172 655
430 965
62 767
466 873
301 755
67 928
324 494
183 974
312 600
442 651
282 647
454 905
935 960
149 512
114 290
115 400
702 981
631 822
320 493
355 491
305 770
309 645
381 493
421 764
632 842
320 855
9 364
32 128
555 706
650 793
833 932
305 601
537 854
234 486
420 560
644 941
135 554
601 789
265 293
195 548
515 920
381 785
113 840
295 928
611 803
738 937
188 208
98 927
617 885
579 970
263 999
817 961
488 500
405 711
871 905
160 315
342 535
37 107
141 915
287 633
402 661
221 335
789 999
313 457
464 683
569 914
396 666
588 761
720 738
352 972
494 635
169 349
23 174
110 477
44 59
688 873
229 908
67 490
806 835
63 309
510 629
168 417
315 434
745 854
319 410
157 992
106 920
490 942
15 957
515 902
410 974
46 874
89 543
7 517
356 758
158 499
452 834
200 240
742 765
453 457
308 346
540 925
317 991
48 93
811 952
152 203
600 713
321 834
474 897
54 653
475 504
497 939
355 447
715 978
238 386
612 894
480 566
250 314
13 110
684 997
116 295
409 820
66 728
69 604
34 836
85 375
654 941
149 299
234 926
628 995
103 350
348 858
131 996
670 975
285 520
215 796
164 431
204 984
212 518
581 832
801 925
269 735
92 454
422 612
168 835
259 591
166 809
388 540
59 698
15 735
532 861
767 828
364 546
95 105
98 223
760 763
107 474
515 700
200 594
607 852
383 948
38 507
80 248
123 186
875 977
36 165
113 573
329 354
332 422
209 565
564 668
731 799
553 600
745 827
90 150
99 147
501 720
28 141
69 130
860 914
347 410
832 916
711 903
586 600
256 586
40 295
155 777
119 504
135 375
156 664
38 582
60 906
59 569
723 932
102 633
411 458
231 656
583 805
611 891
143 757
688 826
873 959
780 912
174 206
548 833
44 769
12 172
603 985
328 702
292 503
181 649
30 493
54 898
642 755
157 395
433 898
88 483
70 770
434 819
124 143
588 971
398 821
260 481
152 746
138 901
196 265
22 848
313 844
297 650
374 1000
513 957
255 725
240 775
187 256
796 958
250 797
26 907
506 806
730 947
323 507
586 994
628 823
631 956
887 925
236 420
255 408
143 616
311 410
828 922
336 440
208 824
234 555
436 995
291 493
477 628
204 780
611 724
243 846
140 766
197 416
239 741
829 965
583 602
603 757
60 757
36 779
255 385
184 638
278 781
632 711
373 385
161 164
604 840
75 417
373 652
136 624
428 630
177 946
821 948
143 791
20 344
461 612
462 504
12 447
358 834
477 879
260 478
653 812
233 366
13 205
141 419
681 758
169 796
4 987
98 512
82 125
634 875
525 968
569 885
92 761
151 773
138 656
177 480
323 778
469 846
15 44
761 882
575 755
782 955
424 710
102 644
4 430
376 717
374 871
72 636
128 702
400 947
285 339
529 733
370 720
62 112
27 613
213 492
50 830
233 915
179 235
289 897
364 776
67 705
105 361
141 155
15 929
680 979
21 240
247 697
33 117
805 837
702 820
743 754
195 265
33 691
252 923
221 373
387 594
101 783
56 874
347 736
284 861
784 936
490 972
542 964
58 891
94 512
115 496
333 676
337 545
603 912
1 745
633 886
27 374
449 725
658 706
316 405
190 785
563 579
252 570
400 621
475 662
379 463
270 658
306 891
185 890
60 212
166 770
210 914
281 962
357 961
49 589
807 949
312 936
497 710
276 345
712 831
75 123
36 456
554 560
574 681
506 862
251 529
416 676
366 649
661 946
370 756
169 985
923 961
670 800
161 301
876 935
245 645
673 732
364 566
364 899
134 358
319 942
121 947
68 750
181 478
274 294
95 823
282 486
686 834
640 987
366 382
370 751
210 571
779 860
432 987
14 218
34 438
921 968
60 999
331 441
61 837
702 840
133 345
373 836
212 905
271 677
46 563
892 988
508 521
31 293
806 885
499 899
872 892
190 414
546 741
30 568
246 913
532 966
148 296
439 891
593 749
91 430
463 892
48 608
209 902
197 305
72 726
365 763
186 869
599 940
143 186
418 529
438 980
58 437
338 719
110 385
185 481
114 393
359 873
31 220
251 407
434 662
23 509
797 821
409 551
362 948
130 952
499 574
333 384
599 933
321 630
422 949
443 967
117 228
65 979
891 926
88 278
400 583
143 858
204 975
773 868
8 984
778 906
433 992
307 827
511 571
665 929
44 336
725 806
193 491
363 941
416 566
680 771
532 876
127 166
221 445
510 640
22 379
225 365
544 984
122 700
122 873
197 783
256 292
742 942
193 565
548 755
367 991
408 815
758 878
649 746
209 856
107 344
38 325
689 755
375 874
339 512
193 960
160 413
271 972
718 753
463 848
639 860
399 695
309 480
10 498
389 787
410 424
266 405
507 645
735 789
2 846
311 759
248 717
526 597
177 186
505 840
656 819
86 385
226 723
850 940
172 192
873 936
394 940
17 724
439 634
281 584
448 812
624 704
45 310
267 651
345 351
147 629
78 305
78 746
218 489
739 754
96 592
591 936
414 934
18 503
437 463
60 798
941 943
106 850
694 745
426 861
978 981
64 983
283 512
379 855
37 529
280 826
63 172
138 245
90 657
308 370
364 375
633 970
467 924
110 455
420 432
96 710
78 97
621 660
205 535
10 970
411 850
250 604
80 345
137 339
190 914
136 656
376 607
827 910
295 507
494 921
502 590
491 885
41 467
66 509
268 865
565 981
216 989
571 847
623 638
739 990
134 418
303 932
86 107
141 468
309 461
129 895
173 504
853 929
42 782
119 748
391 470
193 958
484 513
414 454
571 983
537 542
371 432
837 857
253 471
289 339
2 473
898 975
39 395
406 906
268 308
19 602
554 813
60 182
652 837
580 813
526 858
640 681
270 419
255 766
74 118
127 693
38 911
533 812
440 597
155 609
266 676
503 508
33 730
667 868
727 812
402 406
189 840
317 318
155 655
45 985
531 984
383 695
40 146
280 790
389 407
429 768
321 671
28 856
90 174
256 372
27 813
874 975
271 585
193 758
316 514
264 498
853 971
186 216
317 424
659 795
436 989
184 355
401 467
71 928
637 928
96 291
355 558
338 961
332 838
406 526
815 875
544 934
102 450
28 942
64 437
611 937
614 951
461 562
355 925
454 595
210 901
194 971
276 722
