1000 5000
266 351
359 547
33 440
505 560
346 500
73 193
271 345
256 345
295 838
701 991
117 733
632 879
208 663
48 667
636 847
194 342
12 830
162 450
108 496
290 696
254 761
274 286
735 736
306 658
188 869
315 672
561 595
283 603
450 457
212 438
394 903
788 948
365 955
222 604
423 965
206 826
139 757
374 907
175 718
492 739
186 302
3 473
8 514
316 459
243 870
210 706
599 619
174 985
391 411
433 734
52 331
197 787
571 912
788 861
153 802
689 944
67 315
506 690
158 902
586 965
146 204
274 994
370 655
578 853
761 952
595 676
465 673
300 870
466 967
216 910
234 884
551 554
201 255
111 462
960 962
139 177
412 574
363 958
306 418
250 660
181 193
238 402
294 416
8 94
704 806
409 923
546 931
213 582
553 742
272 946
128 354
202 425
115 584
208 491
461 588
208 645
390 584
482 937
357 523
104 684
88 614
216 998
557 834
802 821
180 446
682 856
184 494
259 553
392 625
669 697
17 50
772 796
536 829
331 869
745 936
373 418
158 171
474 523
127 759
535 986
440 460
296 603
387 465
133 855
745 825
207 240
41 664
501 813
104 430
177 456
68 231
522 707
641 918
47 812
356 445
354 980
116 235
444 674
747 782
344 897
271 691
551 587
183 557
94 152
41 999
189 433
136 376
63 456
671 871
451 909
323 407
199 839
1 273
75 893
241 511
37 910
243 716
851 909
174 308
674 942
359 445
417 449
289 500
325 674
181 211
437 564
739 876
665 849
80 287
795 910
595 605
425 687
481 620
121 998
156 521
17 258
911 988
236 351
143 829
91 689
94 240
71 414
592 821
390 570
136 400
599 743
409 790
33 863
488 889
505 957
102 901
396 564
16 976
71 224
275 701
384 665
145 312
314 864
761 851
595 772
563 879
486 729
12 945
622 661
470 477
164 341
21 274
25 412
23 498
851 914
638 821
469 598
253 265
513 954
91 537
591 609
205 230
43 666
652 772
154 939
744 829
598 934
586 918
128 733
415 501
147 648
204 418
208 464
78 511
98 860
226 476
371 627
67 375
375 604
12 71
655 885
251 460
286 937
622 813
398 454
491 800
162 481
273 735
332 945
186 548
116 435
44 432
224 810
63 803
483 912
430 758
415 732
513 757
787 969
19 124
71 693
22 854
222 547
223 553
387 439
442 602
392 501
208 254
122 450
307 706
604 884
53 421
2 258
59 585
26 723
577 961
390 933
64 572
194 848
32 533
259 816
418 424
555 738
609 923
276 830
23 290
391 976
15 467
538 847
246 802
212 472
432 457
565 694
250 576
233 949
731 972
469 802
143 618
124 330
475 912
93 918
77 124
98 451
121 776
70 592
841 972
215 537
130 925
849 998
210 664
465 989
690 731
231 697
270 827
734 817
327 645
254 337
826 849
536 567
831 931
116 207
226 494
299 492
47 634
319 993
160 854
178 333
402 546
189 469
171 355
281 423
157 705
212 554
325 757
312 331
347 617
607 960
612 766
276 539
704 737
393 910
344 838
586 816
89 888
240 354
402 708
316 847
189 524
377 788
319 596
486 812
32 126
162 411
236 246
201 940
399 602
183 836
455 995
440 553
170 203
596 953
43 75
465 615
408 594
462 510
840 928
486 959
235 381
287 753
400 982
865 936
55 800
42 564
21 453
534 839
634 774
858 889
69 419
419 534
95 900
62 215
872 949
764 808
122 479
730 872
103 734
177 405
474 753
698 849
454 502
149 466
316 499
373 659
500 781
194 752
708 807
448 827
451 652
747 843
748 961
342 918
530 707
657 902
218 989
435 922
493 730
552 843
430 560
94 215
243 408
480 870
686 794
282 446
319 791
181 359
309 999
311 903
143 720
273 699
21 462
132 266
188 511
479 518
815 984
338 995
541 1000
564 728
727 753
325 818
587 668
200 319
554 824
404 711
295 613
83 256
372 613
375 838
389 705
616 966
619 850
89 220
36 906
273 296
73 333
296 983
224 532
167 385
575 979
797 916
120 176
331 901
691 836
563 622
175 449
984 985
672 839
356 923
621 763
126 892
121 601
40 903
419 893
367 484
439 955
133 636
254 720
6 335
557 906
447 961
525 534
84 781
49 402
527 653
163 406
588 992
398 421
293 689
628 706
275 743
118 398
762 991
581 783
395 564
360 850
90 810
589 745
36 255
536 885
132 587
596 685
652 847
162 474
45 450
265 289
46 304
357 496
927 932
876 972
236 281
149 638
295 932
187 295
115 258
704 869
170 366
174 622
780 893
545 669
175 462
710 762
108 406
237 310
181 622
458 744
42 926
8 343
23 689
425 527
210 344
621 645
307 440
145 632
738 834
117 273
542 665
100 705
355 388
176 786
45 426
447 490
72 654
325 804
108 751
125 337
236 385
875 912
488 516
259 800
205 846
331 802
288 950
779 899
713 932
273 983
240 851
96 200
611 804
579 975
637 828
212 300
337 773
621 749
180 920
92 778
54 113
223 858
294 830
170 821
372 777
84 358
31 323
213 753
197 599
1 289
327 503
75 173
38 307
630 756
22 473
336 944
206 991
296 739
83 221
211 400
7 673
534 681
186 267
167 912
156 423
467 513
450 881
144 241
89 746
126 475
91 577
162 327
533 820
437 629
369 871
701 947
42 866
123 333
248 656
70 130
589 946
73 190
132 351
481 875
26 435
336 365
206 616
443 451
480 733
284 434
632 970
322 550
602 859
566 845
329 783
291 525
631 873
465 725
245 265
229 538
359 362
103 618
72 700
74 605
204 259
404 784
206 849
248 808
80 651
357 645
33 429
470 529
420 944
75 896
829 897
224 560
597 779
526 611
211 759
229 764
397 416
272 529
809 928
330 350
847 920
422 424
862 954
100 210
579 586
302 882
301 922
524 986
51 101
162 631
71 741
628 873
329 331
898 985
536 663
189 260
13 598
32 886
158 763
289 931
288 480
108 724
53 800
368 932
183 657
310 470
648 779
439 701
646 929
738 990
526 812
673 773
466 765
18 434
716 784
113 187
168 570
520 687
150 510
629 664
373 889
124 683
17 618
589 932
56 699
275 667
4 880
60 712
208 544
445 770
119 175
583 952
31 660
765 772
584 859
624 920
474 505
292 320
57 778
129 802
129 661
204 564
336 490
264 535
172 315
597 630
191 371
82 258
341 535
268 908
358 607
35 574
876 920
233 291
2 301
386 908
80 308
388 501
261 763
315 904
528 749
526 823
672 770
214 382
864 943
333 943
374 750
708 717
525 731
88 259
345 699
14 506
271 679
68 727
527 582
20 997
38 827
324 428
349 623
5 872
82 951
530 982
161 332
362 650
515 704
491 991
81 607
479 593
6 99
5 558
711 810
638 798
123 581
417 573
530 873
379 798
532 849
438 544
535 967
387 953
175 259
177 608
531 689
239 700
256 337
464 468
523 760
390 411
637 985
503 775
485 893
105 793
309 942
570 888
364 463
290 893
592 976
186 468
313 708
114 601
315 696
223 370
282 829
227 961
134 481
319 815
614 934
314 967
228 641
814 904
409 604
356 893
105 173
360 931
452 636
1 183
539 978
919 950
96 115
6 928
684 839
207 234
478 893
232 926
99 587
321 627
34 994
18 415
92 698
308 879
221 623
36 962
723 776
81 453
227 633
376 413
85 405
530 953
360 577
51 208
141 708
178 431
729 850
402 913
347 845
755 974
76 248
888 899
5 655
116 423
5 52
202 313
266 986
563 864
251 575
51 983
216 459
101 565
14 936
217 950
400 780
110 374
457 845
757 879
95 264
6 93
706 872
528 579
322 692
235 566
568 708
235 448
90 351
219 967
93 375
414 651
704 830
429 650
467 555
357 893
341 915
605 785
324 711
74 830
493 771
554 906
372 715
28 629
51 610
753 919
203 879
719 816
43 902
297 524
443 509
319 861
270 638
880 931
385 879
65 243
139 539
145 398
438 565
387 473
137 961
279 650
619 709
103 681
448 654
51 177
587 924
126 855
716 819
452 753
223 781
119 684
482 952
528 915
232 795
488 677
227 615
15 529
308 695
535 688
365 781
21 416
706 971
251 423
181 869
721 941
42 736
170 502
23 952
462 701
100 640
763 887
433 872
268 943
253 658
770 914
456 620
221 969
171 598
262 291
482 960
651 791
355 712
411 452
143 147
219 265
370 490
44 981
331 557
498 653
188 357
297 928
81 869
66 841
693 955
359 769
178 344
802 863
655 697
515 660
54 719
40 767
255 271
501 787
132 730
331 698
26 830
278 903
63 663
209 396
337 727
528 537
726 860
246 669
195 689
966 997
382 902
147 946
132 166
5 432
478 718
117 475
541 948
655 984
321 686
105 732
469 606
604 674
163 210
1 552
701 899
792 993
209 219
229 675
583 788
624 715
92 670
145 265
290 380
257 442
4 690
295 795
43 92
99 756
62 285
617 828
66 407
468 551
215 826
271 649
288 767
19 23
93 100
203 345
130 677
258 516
761 860
151 217
333 651
227 303
136 366
303 343
31 615
256 594
665 954
668 674
151 899
745 907
315 586
174 917
431 580
103 284
30 435
197 855
566 959
308 987
365 726
477 625
294 452
494 906
297 334
369 840
447 836
29 105
176 521
357 710
672 819
198 864
801 878
273 575
271 988
56 366
360 533
507 966
702 799
270 824
400 508
171 725
616 827
361 857
160 674
219 538
291 610
53 591
330 964
38 285
187 565
3 269
20 451
243 570
282 867
28 259
377 423
215 462
757 844
441 739
409 412
317 742
706 839
763 794
227 888
107 139
218 503
76 871
58 502
297 439
704 785
261 563
636 769
67 179
891 964
125 985
642 731
437 461
774 814
367 908
99 815
117 660
205 470
210 803
523 779
189 945
230 294
79 918
433 637
30 809
17 555
606 925
642 769
76 581
349 492
918 946
25 769
449 605
438 633
37 543
609 886
149 352
459 702
405 982
137 917
316 976
688 936
44 736
5 427
127 664
257 937
441 930
189 516
409 841
372 654
708 800
90 526
400 959
241 253
426 947
408 997
79 544
78 472
119 244
174 716
428 767
194 608
116 222
303 615
506 747
48 603
552 646
309 337
537 643
147 532
259 635
97 961
764 945
121 689
379 405
17 874
234 496
749 900
474 598
32 852
556 658
153 960
133 239
706 857
120 503
175 339
359 470
343 973
324 641
271 369
20 250
4 425
26 225
173 835
709 785
321 397
28 567
175 448
621 762
618 685
46 665
128 230
71 958
293 559
185 430
367 487
76 740
854 991
284 422
231 418
49 401
417 661
414 545
110 447
440 679
384 628
648 897
203 830
337 414
7 231
743 952
689 702
195 658
933 992
623 745
75 783
60 524
3 497
170 476
353 852
63 513
60 185
27 535
499 587
507 696
454 481
41 796
367 810
777 778
922 959
121 609
123 325
280 627
117 367
116 812
13 868
486 490
159 879
179 571
129 274
55 148
94 540
93 524
168 893
479 631
314 331
372 453
164 682
272 715
221 370
775 780
208 798
9 264
583 857
394 655
198 820
676 983
770 835
110 623
293 411
131 304
717 915
224 329
852 910
762 780
66 346
47 689
763 919
585 832
13 471
728 969
137 537
515 598
218 634
381 926
54 443
809 949
60 361
120 302
339 674
66 461
140 401
134 852
195 838
362 663
185 707
439 569
222 614
81 197
465 723
502 888
176 351
545 588
141 452
109 901
275 357
477 566
480 549
246 904
45 669
67 893
85 518
191 867
853 945
33 427
215 344
48 942
710 858
492 520
878 939
663 895
629 661
635 984
118 876
485 856
786 954
35 725
416 817
288 689
1 115
256 485
383 919
43 472
463 869
524 988
449 897
543 618
69 931
172 585
50 266
490 581
72 995
736 789
223 723
518 993
725 893
136 319
851 997
134 405
356 858
103 222
335 705
214 841
217 961
170 514
411 929
583 847
35 845
142 766
15 953
38 64
277 776
538 607
26 520
439 724
121 193
122 177
690 818
305 954
49 247
161 448
288 712
193 903
618 858
356 952
696 843
294 809
479 733
171 292
208 997
530 997
584 853
569 633
788 928
293 340
539 644
189 856
298 673
465 890
445 718
10 919
373 550
170 634
639 799
190 633
950 994
404 739
441 530
580 772
10 435
262 927
11 982
176 919
45 90
177 418
490 917
381 824
184 364
169 549
370 469
77 916
761 963
442 848
227 398
207 670
117 722
374 857
69 170
605 701
723 726
199 972
491 840
441 825
482 525
265 574
358 717
177 855
333 588
480 603
526 901
208 711
179 644
54 357
96 427
494 986
117 554
78 367
280 290
502 523
157 569
429 873
280 349
69 258
360 965
709 854
163 325
164 605
16 402
184 371
59 987
188 240
32 167
605 694
454 569
552 797
254 767
109 658
235 946
496 601
231 590
52 108
109 397
455 748
516 946
132 655
756 916
888 997
406 464
118 531
211 994
376 547
233 894
307 739
678 891
735 821
648 741
167 450
564 569
49 710
641 922
53 60
56 784
146 750
535 567
2 769
24 900
80 118
116 231
334 737
355 828
579 915
7 991
64 586
49 343
603 671
428 560
307 897
416 861
108 540
73 89
146 202
219 349
402 919
5 848
575 882
523 840
559 916
639 933
358 767
394 627
199 260
312 419
807 965
2 547
203 276
573 824
61 739
101 961
338 501
279 973
265 486
67 91
17 818
508 965
141 940
142 465
201 827
774 966
353 667
444 566
321 452
526 774
67 232
106 437
587 993
551 767
221 473
497 624
759 888
390 590
541 646
696 871
128 633
681 982
644 657
518 565
39 530
559 925
728 802
102 792
268 368
51 64
142 297
401 763
606 839
235 306
344 555
699 733
386 999
203 269
37 584
405 943
351 925
445 722
685 791
48 420
525 942
213 417
106 592
72 704
911 928
604 726
553 604
594 774
421 890
738 995
262 310
409 866
154 935
86 863
241 659
458 734
39 698
354 978
170 295
225 474
546 811
446 648
528 925
88 932
253 993
159 662
254 863
642 803
755 982
402 905
739 944
509 898
6 625
353 971
251 417
108 110
698 961
554 685
206 344
613 824
320 972
7 804
262 564
485 693
909 957
272 334
185 611
458 886
224 386
223 586
4 574
366 546
652 783
64 544
284 785
10 350
177 906
363 831
469 572
363 386
182 527
677 785
93 224
571 953
205 998
522 603
192 874
557 946
361 869
50 149
270 727
18 289
199 937
188 478
26 481
100 229
265 392
730 739
12 614
340 702
343 745
159 812
36 794
252 296
161 914
422 653
663 961
494 782
278 892
631 859
208 846
246 255
212 654
389 738
121 457
214 291
723 960
396 719
414 762
598 821
476 779
40 535
477 638
75 446
24 155
333 431
317 469
262 885
302 966
49 738
817 949
407 770
72 605
821 933
71 74
401 972
145 204
607 830
111 270
207 975
423 713
190 812
449 984
211 681
766 783
712 962
765 840
252 432
716 954
127 910
56 155
38 480
149 808
22 46
460 594
725 767
764 942
22 852
355 461
335 697
102 668
176 969
503 733
677 946
340 564
566 624
420 634
5 448
317 494
30 472
802 996
89 554
109 321
237 780
538 986
315 367
150 977
116 703
299 489
411 723
121 556
585 759
252 463
95 222
98 110
353 990
45 565
463 751
170 675
10 162
373 984
39 566
358 807
106 331
290 402
168 469
96 786
663 983
44 312
459 643
523 567
407 931
263 421
428 817
176 277
90 304
56 843
4 96
294 595
426 648
460 815
724 921
27 884
101 266
177 490
398 717
38 387
313 640
719 870
426 974
335 617
413 708
469 696
92 984
20 602
628 759
762 960
135 891
356 689
139 380
787 985
4 984
408 694
637 720
16 331
472 659
215 528
713 910
290 969
382 469
24 240
225 817
580 859
106 974
584 957
784 832
51 729
472 514
148 228
646 687
187 387
488 811
78 907
248 734
669 764
284 996
565 960
306 856
553 904
680 715
113 468
24 612
187 496
274 817
117 969
310 741
717 720
173 935
446 485
105 210
106 224
547 903
72 667
621 990
555 813
4 967
520 568
792 840
9 943
134 907
157 585
502 908
211 359
505 518
307 731
234 978
219 487
663 687
374 703
48 786
734 801
471 709
54 471
22 534
78 473
170 269
15 40
234 827
329 420
203 824
171 339
155 701
209 946
374 601
269 397
307 691
640 916
362 714
751 867
184 219
15 89
44 728
977 994
814 961
335 806
561 856
341 976
503 673
396 823
308 945
127 640
274 513
349 881
46 229
229 779
263 545
431 707
69 204
730 992
341 833
36 590
509 960
236 888
84 597
292 570
22 553
93 641
833 934
367 925
353 572
501 651
462 899
564 818
156 807
858 934
603 873
46 521
454 627
461 739
334 926
117 987
758 859
116 853
121 262
128 811
674 874
107 224
642 899
72 631
681 740
315 617
119 888
669 933
103 259
250 725
158 812
638 833
15 215
200 439
71 801
418 937
220 554
294 481
38 92
133 376
522 665
798 913
600 952
585 862
305 918
393 459
145 154
182 508
532 911
346 557
292 545
518 613
44 936
5 702
468 579
105 399
453 754
94 968
129 273
292 688
96 273
521 714
351 502
201 398
248 941
372 454
192 447
228 323
176 345
515 782
625 687
511 764
550 622
182 725
311 772
241 389
213 925
149 645
261 534
501 748
427 818
229 354
320 675
84 603
337 891
603 701
947 949
474 782
200 525
149 758
60 362
119 663
320 722
304 828
123 881
788 915
202 352
365 980
38 305
334 1000
6 133
118 414
498 865
318 870
136 228
559 859
427 976
877 931
56 902
164 367
590 658
241 446
38 255
424 703
277 584
19 612
685 849
278 804
120 675
94 834
377 641
66 601
106 922
504 834
89 744
71 125
731 738
163 571
612 989
557 866
7 47
10 273
484 496
28 970
84 610
30 994
87 328
417 718
301 729
140 652
448 718
329 956
534 905
519 965
169 587
353 489
353 924
130 736
227 272
264 977
262 716
195 763
253 486
110 796
594 921
115 509
278 283
333 601
84 222
105 183
15 710
289 467
327 560
442 528
60 538
315 457
77 596
3 487
166 460
321 511
393 986
400 713
438 972
219 472
168 906
518 768
243 773
24 218
154 1000
321 360
195 339
606 985
92 140
476 633
130 763
612 939
314 697
152 201
478 929
11 747
305 583
656 894
397 612
269 687
386 768
42 536
23 469
206 815
478 767
633 667
464 852
601 962
65 681
361 952
45 637
154 650
434 577
26 346
173 782
190 948
301 698
162 938
90 578
163 351
200 467
71 446
70 670
457 945
735 855
205 275
43 440
97 199
477 696
100 116
325 996
74 241
112 388
458 522
421 465
352 590
461 559
480 786
45 379
467 824
603 842
177 248
251 388
14 352
159 834
142 341
106 725
516 639
347 546
202 854
278 862
815 908
351 929
670 815
587 869
768 921
452 520
108 154
699 883
350 363
318 319
105 306
215 358
414 850
237 746
198 474
219 470
24 958
244 793
940 961
248 679
686 734
265 725
343 386
236 645
57 160
166 279
719 807
518 568
171 277
370 659
939 984
528 568
157 751
49 430
195 750
552 600
476 945
455 751
37 581
59 245
311 447
577 624
155 364
190 616
248 389
598 814
229 563
233 893
362 501
138 626
376 548
271 306
183 737
471 986
97 701
242 552
276 370
39 235
777 966
45 640
235 715
53 59
164 581
625 989
741 792
351 588
636 833
49 342
216 994
326 433
420 459
811 941
206 476
208 528
300 865
209 873
405 751
524 961
160 761
15 693
198 554
237 517
521 528
650 955
79 648
245 747
227 669
339 823
746 832
47 494
601 981
263 790
120 449
915 1000
201 333
293 900
169 654
811 843
151 977
318 916
139 937
432 604
146 742
92 692
220 539
679 682
98 216
885 999
390 591
693 942
450 733
72 77
788 982
509 904
257 794
42 422
173 539
317 598
870 894
585 683
641 700
586 602
16 175
323 553
58 358
745 941
372 567
264 526
449 534
84 694
15 158
203 515
811 832
166 948
776 840
523 667
65 105
796 942
16 845
767 800
91 246
309 781
537 554
457 941
90 147
206 447
5 816
104 107
675 833
451 993
124 713
378 764
513 847
551 580
716 901
37 84
700 847
514 705
442 740
521 689
51 405
142 305
199 832
312 434
365 600
383 754
19 989
882 953
954 993
753 870
154 323
334 985
190 439
618 911
782 833
70 610
380 596
400 660
183 187
259 890
274 552
169 262
333 437
151 402
463 561
300 552
77 404
266 382
265 827
175 855
147 209
349 704
544 587
462 602
451 998
305 983
310 542
633 720
667 801
581 806
585 597
174 211
654 914
51 81
768 973
553 572
787 965
56 975
227 688
299 879
267 492
397 832
90 303
515 847
131 950
441 900
668 733
478 852
192 755
776 886
464 616
151 427
358 423
33 559
35 799
676 791
109 146
73 881
328 562
202 922
165 731
133 983
8 197
100 939
528 908
250 469
87 368
270 272
273 732
34 892
535 715
846 967
668 822
409 653
46 417
502 777
430 757
733 996
240 941
735 896
573 859
80 369
317 380
634 859
375 895
299 868
677 945
14 818
197 679
2 257
183 706
3 104
293 952
402 721
511 698
387 924
244 988
262 877
665 800
86 865
531 724
163 165
199 596
219 256
533 883
80 415
117 251
869 913
523 799
856 987
433 958
428 524
618 710
233 636
125 950
35 296
73 125
269 870
346 901
129 230
168 668
226 751
613 961
599 871
323 399
325 836
307 457
215 677
36 198
129 428
493 526
646 988
95 915
701 724
117 418
170 563
814 941
541 576
12 740
804 889
469 613
930 985
697 962
241 813
352 808
629 685
499 542
369 657
190 315
600 616
194 275
105 852
569 991
329 917
163 170
573 651
207 523
887 992
671 695
379 997
582 940
508 711
273 718
737 991
184 969
168 643
500 728
212 482
232 342
198 512
440 974
239 454
347 618
61 792
102 655
802 900
267 934
233 249
103 279
363 909
111 760
169 724
520 641
249 972
819 911
197 404
747 855
289 680
1 425
145 844
130 514
453 960
769 796
430 556
334 866
79 463
157 401
410 600
194 208
378 539
656 805
785 892
15 34
585 736
555 610
80 215
43 278
264 585
615 979
139 673
139 372
175 231
361 977
391 848
504 952
398 898
753 827
555 812
96 508
96 801
313 439
422 686
958 972
379 728
140 205
50 920
90 214
16 733
90 669
295 510
131 914
60 495
353 713
390 909
318 510
339 544
448 830
712 912
529 590
125 976
625 997
94 641
372 831
178 740
216 986
213 381
34 215
307 431
680 691
290 758
384 453
35 648
17 546
793 815
759 987
23 870
687 912
86 675
72 643
72 856
53 277
532 675
163 950
20 21
594 837
166 417
207 704
77 687
262 373
227 725
136 660
62 221
368 531
312 768
259 836
115 203
132 897
8 708
621 760
584 940
289 698
729 799
553 872
381 607
107 607
221 597
148 235
4 237
278 626
81 259
101 181
47 530
319 793
840 977
216 929
213 748
160 713
342 543
418 708
141 778
537 855
113 946
13 308
166 329
496 912
97 387
171 331
167 341
447 595
948 992
218 351
823 835
39 287
404 774
295 543
333 574
282 560
45 681
69 744
268 392
380 511
678 946
53 890
537 625
517 933
849 967
588 705
496 894
153 888
81 491
119 744
669 853
67 798
80 483
67 168
561 929
841 894
94 196
132 340
8 346
173 715
427 845
541 838
341 826
31 327
531 870
306 834
269 643
610 757
330 998
148 564
610 830
366 818
116 480
280 740
173 913
409 461
707 786
410 804
675 998
670 816
269 446
14 195
270 963
76 822
241 388
666 818
22 771
573 881
775 782
684 872
186 271
204 264
946 985
121 511
477 998
638 841
641 955
430 985
175 670
454 478
19 280
130 631
59 266
593 643
277 447
406 744
722 809
387 998
279 716
619 655
153 833
249 547
34 369
713 743
399 972
19 828
188 272
333 718
99 215
9 675
32 780
305 418
253 929
179 514
68 525
231 921
181 810
508 738
274 786
257 263
204 522
517 832
137 761
407 530
228 331
64 322
263 820
269 439
877 930
110 318
73 559
275 359
424 672
405 1000
137 951
597 926
35 838
197 480
1 541
493 810
477 677
789 850
349 859
152 265
229 362
798 896
47 696
621 739
602 951
566 721
92 329
127 527
185 780
202 281
223 283
558 737
188 852
423 656
10 596
210 329
602 749
731 899
203 656
238 267
19 511
149 879
95 296
539 641
297 692
150 152
19 72
707 768
139 706
229 519
426 804
215 482
289 943
253 811
271 294
663 769
188 954
134 209
230 847
139 595
193 788
88 852
102 677
414 428
329 987
381 498
256 692
701 969
296 950
367 766
703 933
496 734
503 821
31 429
489 561
250 862
510 857
866 891
188 294
80 615
706 912
856 915
449 451
191 701
233 993
28 223
688 870
894 931
146 984
93 511
20 532
130 212
759 948
278 836
10 917
228 663
462 783
84 230
104 295
355 444
15 718
17 656
255 512
695 807
76 488
646 932
207 685
7 399
468 831
34 299
416 978
143 170
454 894
435 485
992 998
398 539
643 958
204 849
597 785
191 597
395 819
89 439
788 826
71 590
570 686
130 755
831 996
14 353
217 283
254 511
696 963
40 679
165 987
60 698
77 169
78 194
387 548
95 286
137 748
373 557
138 584
247 627
587 868
785 988
515 877
435 816
720 830
404 801
131 555
705 804
150 846
44 248
191 920
12 286
307 525
163 327
553 760
435 490
477 688
479 700
79 987
137 462
100 905
429 557
356 936
31 403
490 557
489 547
109 506
145 705
552 799
19 421
1 814
187 519
56 285
315 875
119 634
248 535
490 700
491 976
20 396
2 550
631 881
724 770
282 285
157 671
46 498
214 848
124 387
217 986
180 202
568 878
435 825
40 573
347 683
221 994
3 477
666 714
540 890
607 695
389 834
709 861
157 560
447 714
565 878
450 848
232 623
324 732
291 716
92 702
31 956
310 821
789 886
77 377
831 901
333 933
10 306
364 688
916 932
167 840
136 334
279 403
361 769
16 638
241 449
371 834
137 286
63 343
597 970
233 274
530 863
432 441
680 794
181 696
292 925
384 865
111 140
721 968
389 496
190 277
524 667
547 724
638 663
35 446
92 226
697 781
94 266
96 229
552 894
98 217
170 314
315 325
463 979
228 994
464 531
816 819
13 661
429 543
481 711
48 120
786 919
726 991
42 423
44 455
188 700
260 644
170 774
818 849
68 922
124 290
566 807
163 998
347 520
75 655
166 858
423 424
759 920
816 972
210 439
601 989
706 871
361 923
15 153
235 453
435 775
2 894
332 870
77 624
389 505
444 719
797 929
67 668
84 105
88 823
800 997
15 339
219 642
240 871
383 554
940 943
63 936
852 953
67 982
102 381
488 673
105 437
36 654
255 282
292 634
421 500
645 751
408 482
117 144
194 952
340 689
676 704
141 843
753 869
469 787
58 821
184 925
424 738
187 667
706 894
653 922
541 959
677 910
699 926
115 224
631 717
781 928
121 124
142 682
626 889
237 355
183 892
827 984
167 742
826 832
395 641
103 927
14 469
416 868
607 832
811 915
82 918
102 199
597 687
486 733
178 601
213 694
17 733
54 175
738 768
371 857
779 884
392 498
429 819
69 348
287 405
472 640
770 913
608 823
94 364
276 279
115 233
242 419
496 805
168 973
578 604
209 682
67 823
229 236
750 909
127 492
458 718
147 217
537 571
406 870
171 728
210 382
85 882
375 600
158 998
233 634
531 831
879 941
365 771
187 568
112 868
292 616
60 298
82 251
379 839
506 904
158 458
123 817
250 581
332 828
65 671
335 844
100 650
428 495
216 797
140 878
30 512
586 778
327 763
254 553
515 951
476 796
39 135
91 175
332 344
408 729
286 734
395 440
549 641
435 468
202 457
93 699
96 129
169 205
461 951
460 897
355 835
27 750
85 438
32 211
306 676
163 821
576 912
556 785
497 995
423 778
890 906
392 988
119 993
119 155
501 550
486 719
483 925
765 816
87 505
14 907
71 355
182 313
324 989
491 938
110 732
235 272
747 902
374 997
359 537
621 635
162 301
623 839
511 674
314 551
629 881
41 760
80 845
281 764
431 566
412 900
52 886
680 908
574 642
116 286
62 860
799 822
531 845
273 717
36 127
292 308
787 874
773 835
848 908
120 531
318 666
173 194
212 566
265 628
303 916
624 931
218 323
272 738
290 427
681 759
240 609
331 503
560 960
78 751
7 447
119 474
134 918
63 162
530 693
12 668
161 737
125 869
73 327
271 364
89 649
94 780
274 525
95 605
392 801
210 216
526 697
47 213
374 879
237 327
438 456
846 942
558 884
151 294
617 787
47 527
585 743
105 410
639 993
415 550
734 975
662 918
96 691
95 206
595 804
82 228
9 92
64 178
211 504
448 966
486 761
6 159
307 684
144 890
107 910
345 942
218 647
146 530
343 832
17 697
399 649
39 360
723 990
245 788
746 926
268 590
17 775
35 480
125 681
290 990
113 862
419 747
829 864
98 320
226 269
580 844
160 446
237 682
91 662
496 523
762 865
29 702
229 913
13 676
503 968
731 934
221 769
348 500
41 561
426 833
276 582
62 115
372 943
67 561
710 997
783 859
109 919
644 934
370 921
60 624
760 859
480 531
542 546
814 967
29 960
230 757
450 864
31 59
179 716
770 844
536 993
441 501
224 995
496 888
683 786
300 515
542 589
29 518
229 382
156 639
486 978
391 468
191 966
428 610
400 484
182 950
532 898
74 842
515 621
519 984
73 706
44 504
450 492
729 911
880 920
400 824
277 723
22 926
43 263
850 909
155 833
136 269
264 450
467 646
444 990
65 822
397 772
273 833
1 324
167 595
518 898
596 681
79 135
48 217
122 816
266 727
428 791
268 636
34 260
123 489
72 356
14 790
454 484
789 847
93 871
310 930
516 700
419 665
244 501
335 990
286 573
31 433
70 148
736 939
309 836
132 792
21 107
4 664
685 948
65 926
599 658
708 928
395 720
359 852
158 385
35 697
89 958
588 795
574 777
386 821
4 356
395 545
858 862
507 709
73 549
3 507
353 866
390 996
480 545
49 787
619 753
209 616
264 718
598 888
215 348
325 614
71 461
680 960
36 369
311 354
829 907
336 731
78 890
562 595
708 725
13 468
58 120
334 895
151 159
500 661
12 601
126 765
949 968
34 682
73 605
74 408
438 786
496 506
117 939
171 440
779 815
483 634
7 669
100 191
345 906
34 80
252 338
143 493
308 537
223 612
973 985
392 885
177 437
324 761
971 987
402 799
2 824
205 980
96 195
59 636
116 142
4 385
190 795
407 836
301 780
374 834
132 611
734 771
219 728
715 770
241 587
497 545
149 168
424 479
188 642
134 505
100 620
325 897
859 863
326 474
53 199
368 850
54 255
536 660
166 371
280 755
23 478
64 346
265 463
47 468
68 975
434 580
110 653
19 184
592 705
294 441
666 773
188 955
406 445
724 869
229 257
266 342
763 969
50 948
56 435
94 730
383 509
153 389
631 651
10 717
377 966
466 836
104 479
250 418
870 961
418 630
127 567
18 604
550 888
354 494
315 860
209 772
13 705
252 958
21 503
354 788
387 574
460 659
228 378
51 291
195 627
896 991
329 645
550 913
574 632
481 578
190 954
265 321
545 716
395 933
690 857
269 313
111 225
521 778
441 973
481 776
133 564
560 731
744 871
526 622
506 685
250 870
52 814
75 199
450 948
527 746
415 753
14 987
553 989
54 644
865 979
94 511
220 737
312 408
222 606
665 975
423 971
613 769
230 560
357 392
66 68
875 880
176 818
158 742
746 860
38 605
536 860
40 567
594 719
59 530
153 947
260 625
355 683
797 981
372 587
119 386
229 307
730 805
69 271
380 673
178 925
87 224
71 433
857 859
293 609
287 344
403 724
261 957
43 717
10 767
465 485
232 803
726 962
230 969
125 926
419 500
148 609
39 537
261 409
478 604
264 968
778 923
374 541
359 881
414 626
199 264
309 397
803 913
40 687
542 736
409 607
46 932
766 969
14 167
15 735
56 932
183 739
455 638
41 267
519 720
187 740
275 975
666 715
134 187
63 227
230 881
393 568
562 927
490 898
969 999
126 806
626 640
237 812
310 920
847 962
574 757
334 740
408 614
139 771
393 649
603 813
123 205
105 797
606 944
74 225
330 375
171 268
480 765
279 402
172 227
206 584
425 902
231 494
584 845
548 851
736 820
74 423
40 662
735 942
352 717
645 781
206 333
650 953
743 964
613 819
409 544
746 846
206 774
231 383
214 872
362 506
323 659
324 693
515 858
680 795
420 577
183 760
594 705
612 672
663 804
26 760
36 895
615 725
173 450
212 822
122 282
636 656
529 637
16 840
716 825
678 960
288 632
274 583
22 612
314 744
367 870
703 984
371 611
689 940
247 460
747 780
235 851
787 840
326 708
91 727
365 791
399 492
149 213
150 205
618 627
625 739
254 938
94 464
597 978
65 289
85 696
581 707
896 955
180 364
456 610
164 742
200 823
165 838
202 519
261 722
613 653
172 435
173 315
299 573
794 956
637 886
230 249
145 877
111 261
762 824
445 945
891 916
484 905
230 263
430 638
655 866
46 735
37 493
682 844
536 591
312 687
173 530
255 607
181 792
223 253
459 657
264 567
905 962
586 722
950 964
55 78
311 846
457 971
148 807
591 978
297 351
812 989
137 965
794 903
176 941
784 871
362 968
329 992
270 412
91 692
348 830
73 315
276 821
831 947
189 937
295 428
282 995
376 431
467 878
664 745
178 784
452 780
159 333
306 691
773 855
520 944
850 948
480 823
83 757
10 191
48 454
281 778
86 642
175 632
268 980
61 496
215 657
17 39
747 907
38 737
493 975
222 232
204 595
777 919
632 697
461 859
523 570
446 912
215 987
469 908
515 945
271 933
93 325
492 572
332 712
364 956
331 999
78 778
632 808
541 765
466 719
179 497
217 755
237 709
56 815
18 538
440 537
367 454
61 546
8 690
79 903
44 107
261 597
139 815
657 731
30 359
103 456
178 779
50 139
217 796
70 206
458 901
455 896
111 376
295 314
260 805
463 739
635 882
372 852
84 862
231 274
270 588
144 475
514 576
20 115
844 880
884 901
757 838
133 247
260 948
135 151
925 934
360 462
16 336
567 709
144 362
552 972
316 483
944 956
29 471
231 240
213 613
90 561
489 639
291 656
435 471
143 339
364 970
719 922
593 708
580 743
337 691
854 951
66 860
68 549
734 962
238 710
352 625
77 817
481 936
43 993
210 956
686 885
389 576
28 256
145 559
132 169
44 750
613 848
616 982
621 634
711 760
128 870
550 985
700 948
167 473
540 941
133 257
172 407
377 790
230 336
231 692
17 933
503 836
273 902
110 112
510 782
59 344
849 874
152 336
7 103
88 590
456 935
608 767
37 385
455 886
260 811
904 911
321 771
466 918
87 497
966 971
414 579
179 592
517 551
184 517
572 905
148 385
186 361
312 570
275 324
193 828
784 820
32 969
175 329
87 614
381 773
22 675
332 757
258 829
222 673
5 906
264 674
211 775
489 617
73 156
53 547
309 872
130 512
291 360
77 263
256 262
290 823
80 399
277 863
110 454
191 222
267 300
361 665
748 854
34 218
179 552
12 105
458 958
592 933
280 657
647 731
300 743
7 237
123 656
215 451
162 717
237 978
550 632
165 320
789 971
296 497
223 515
186 199
55 737
169 472
795 969
205 862
427 461
601 778
372 976
174 348
782 810
261 354
89 657
35 940
490 843
241 733
352 824
386 436
61 331
10 815
188 520
709 788
152 996
157 908
285 600
508 864
162 994
158 261
32 575
605 835
476 665
660 975
270 782
133 388
357 581
504 594
177 362
231 571
16 99
123 879
731 953
86 428
55 130
329 425
2 631
32 249
538 677
8 1000
649 894
445 685
7 234
462 814
526 931
356 674
468 687
99 380
16 301
14 247
487 994
76 463
723 998
595 925
557 739
387 406
335 670
541 916
669 937
124 451
107 125
15 203
604 642
110 154
440 589
578 696
225 413
356 587
466 682
446 717
216 222
412 914
158 955
552 738
184 316
132 786
630 844
521 885
578 894
260 292
924 963
338 657
66 503
428 754
766 849
177 355
359 862
105 990
303 616
56 65
733 942
350 504
403 907
224 706
62 961
505 676
549 587
252 349
434 600
215 587
398 914
457 502
238 487
383 655
576 876
441 762
114 145
557 732
544 912
48 948
160 937
70 122
16 717
255 767
109 213
737 799
416 637
606 685
180 292
349 839
24 200
210 889
708 786
428 935
49 192
547 660
17 897
587 931
237 667
146 295
660 989
473 749
386 643
205 509
224 293
615 875
465 589
286 589
309 431
312 615
828 989
761 773
157 672
438 582
202 759
292 885
458 826
41 293
441 515
863 921
725 984
652 835
559 657
266 872
194 477
671 971
909 962
72 514
694 941
268 385
56 881
183 822
519 952
773 909
650 754
122 171
29 397
395 782
306 351
215 891
624 793
38 784
220 979
95 705
21 558
99 847
67 918
374 566
716 966
1 881
292 336
40 777
594 925
206 800
7 209
155 200
64 324
383 790
549 637
877 928
215 601
509 817
130 262
630 951
258 316
22 333
58 302
465 925
247 381
85 514
29 639
486 885
88 132
395 950
36 377
95 697
276 773
499 714
152 267
615 776
744 890
452 828
342 951
309 853
570 865
163 653
623 985
131 330
317 566
46 108
871 958
543 598
191 694
233 561
417 700
52 147
219 584
272 686
312 395
75 274
2 421
33 137
294 645
78 246
760 777
100 362
355 994
192 987
427 970
150 707
333 598
250 634
379 437
490 720
227 825
521 905
224 492
518 884
118 263
262 343
84 403
230 662
28 480
176 473
357 859
265 351
327 887
291 878
182 992
614 616
652 704
390 614
193 923
32 173
108 563
695 974
238 527
371 397
318 729
467 820
506 857
929 991
231 596
363 647
505 727
378 473
471 592
73 590
383 722
771 822
220 747
299 323
763 848
195 626
397 807
250 645
803 883
71 298
53 811
148 434
223 926
383 675
560 914
171 627
373 723
779 941
315 451
449 696
467 530
433 678
553 802
59 275
495 543
426 591
479 780
193 230
105 786
396 458
514 760
823 920
128 258
221 688
55 306
60 370
208 395
426 478
761 944
150 919
645 649
722 931
139 296
178 696
251 409
162 651
682 687
476 482
112 534
167 805
386 790
188 430
685 808
243 758
816 985
535 852
139 754
174 290
468 721
30 568
428 860
696 948
79 589
23 754
695 830
158 743
221 338
68 830
480 974
745 840
462 722
500 980
544 947
374 805
604 783
306 573
533 842
163 723
146 188
2 770
439 891
633 899
153 406
315 329
248 351
525 726
397 514
269 845
74 913
126 320
3 756
427 928
118 740
135 499
335 555
12 49
378 932
892 987
725 734
252 973
550 561
700 812
115 469
81 594
634 654
284 606
12 128
52 418
235 575
640 856
548 932
20 651
510 662
458 857
648 830
441 442
5 495
93 352
500 979
83 310
28 461
391 555
194 312
319 515
397 938
724 883
285 623
290 346
552 889
502 971
679 686
314 750
96 224
520 781
483 672
209 733
621 890
693 930
285 512
324 400
489 554
53 991
535 672
113 313
441 847
685 905
260 671
286 966
233 986
414 634
128 533
255 936
269 727
440 807
826 919
27 435
337 481
9 924
82 826
357 441
565 708
782 890
35 924
14 175
456 636
347 674
313 502
186 876
98 401
262 307
229 292
265 782
503 874
215 956
513 986
608 915
435 945
842 902
310 912
277 808
146 741
443 528
282 926
112 486
503 795
881 974
682 834
794 852
885 917
405 757
653 782
545 909
12 953
507 518
551 985
861 939
199 836
93 908
143 417
148 487
288 839
408 855
261 283
64 201
91 912
192 483
354 825
249 758
675 955
107 173
288 513
159 971
18 205
89 797
93 370
275 988
197 713
519 705
441 562
258 274
242 994
44 666
668 714
157 981
186 887
390 938
666 730
430 524
50 592
571 932
626 892
163 710
74 756
240 665
844 925
153 822
67 303
289 889
604 907
716 896
53 630
146 930
159 658
274 974
572 700
39 519
833 868
352 402
480 817
617 989
47 989
468 646
782 981
106 346
35 624
306 511
116 474
501 506
523 971
339 966
466 578
344 677
127 762
273 340
382 445
114 208
314 510
354 675
117 522
120 727
796 928
410 909
303 720
13 394
213 594
91 285
329 570
626 887
734 838
183 293
370 492
426 977
120 251
321 347
708 849
530 932
251 902
230 319
621 869
128 176
40 947
129 294
149 811
646 854
544 701
191 266
451 888
415 733
236 430
130 786
75 872
789 950
55 209
518 938
275 304
386 628
463 650
782 847
343 815
185 616
666 883
611 795
83 927
526 682
411 916
66 668
30 469
122 308
162 392
252 522
185 985
336 854
79 509
423 709
376 439
581 923
485 924
968 997
643 795
495 950
739 930
171 932
544 783
62 494
49 573
48 515
582 639
32 754
325 856
347 529
383 749
44 752
171 565
337 461
575 596
230 719
121 777
603 982
68 331
161 162
72 142
764 793
122 787
606 719
252 658
162 221
167 513
774 934
39 129
5 460
77 387
386 562
629 886
260 580
157 491
229 787
192 717
103 830
50 637
582 793
329 548
274 479
497 528
494 706
45 875
337 690
85 889
891 954
415 562
865 912
113 907
667 816
173 945
65 808
299 961
780 958
219 905
381 666
93 293
826 946
93 603
152 616
261 383
632 712
524 545
282 731
13 921
486 860
179 337
113 245
4 535
169 171
26 145
79 338
157 484
31 896
103 823
821 947
589 918
513 831
330 894
76 129
60 331
479 649
207 532
722 984
740 882
264 779
134 874
70 884
235 823
329 446
609 775
538 848
441 885
688 807
429 907
887 914
124 914
603 951
470 642
15 664
125 327
272 287
257 570
917 918
556 665
461 837
43 886
262 382
407 948
266 398
29 311
472 663
626 776
550 977
273 304
290 965
3 558
59 605
351 523
425 653
816 880
446 704
361 527
602 983
270 772
586 909
160 441
550 671
570 835
181 930
844 952
457 631
60 322
410 679
214 956
395 882
600 737
395 687
582 922
345 758
323 465
493 620
204 993
120 540
11 802
140 377
547 907
103 184
736 742
113 707
131 435
596 677
206 884
101 796
671 991
85 152
449 705
250 719
36 905
256 724
572 880
794 995
79 288
542 584
429 731
448 817
138 847
158 945
198 855
694 840
74 833
24 437
483 760
134 868
281 893
339 658
190 716
411 698
360 663
531 861
325 486
30 789
341 821
730 916
440 677
457 713
163 407
59 653
188 802
779 826
546 716
121 257
177 762
161 256
569 712
861 922
380 967
182 256
807 905
849 946
168 462
551 1000
511 714
42 712
562 972
120 508
263 859
486 833
432 904
417 846
507 883
784 803
473 634
351 633
67 337
31 895
124 646
52 272
548 701
566 707
91 737
453 959
19 819
521 884
276 419
406 795
647 699
352 468
577 848
228 497
611 909
484 859
451 949
158 971
621 646
178 666
109 434
346 868
1 297
310 715
369 592
405 455
41 568
133 759
995 996
176 785
503 517
51 457
624 970
751 884
256 563
442 515
133 792
245 681
21 248
42 322
367 748
189 529
225 856
43 746
83 508
603 696
144 579
54 527
145 737
473 748
442 808
114 573
116 380
26 427
479 749
388 684
371 441
743 746
249 853
303 398
263 683
613 922
768 770
144 423
879 977
345 713
256 960
521 718
169 417
461 664
261 459
297 591
246 716
264 459
671 805
104 309
337 544
213 808
619 937
448 557
91 977
115 758
369 730
445 559
27 329
46 136
325 612
306 931
237 845
762 777
635 966
854 883
12 452
309 843
110 483
398 692
419 785
424 474
261 1000
79 570
405 787
373 793
388 683
85 346
196 307
93 512
351 950
82 198
687 936
139 718
174 270
140 285
286 883
191 793
283 446
287 608
448 548
179 266
37 227
739 834
167 469
242 973
79 151
559 665
321 506
232 630
214 698
34 961
509 673
276 774
593 761
44 592
80 793
500 879
690 747
726 959
105 807
52 237
180 474
109 268
198 691
233 679
256 506
57 580
398 703
70 819
388 658
6 225
425 469
478 930
152 880
190 744
294 358
31 684
268 338
881 953
588 779
327 490
202 663
290 537
55 684
220 749
150 159
299 333
82 266
391 686
124 964
340 761
547 940
17 841
416 532
15 185
310 465
66 310
528 800
247 751
690 860
304 960
161 669
640 702
510 717
612 960
630 830
756 858
243 466
135 928
248 338
29 744
924 945
410 983
110 952
328 628
809 938
310 548
132 759
278 541
478 933
543 606
158 504
16 71
416 700
643 856
200 654
179 533
951 964
38 713
622 758
350 469
465 893
62 425
45 399
304 701
317 703
506 969
747 765
490 783
305 724
107 858
401 675
127 141
125 161
766 989
519 785
370 639
311 879
635 636
227 763
