1000 1000
575 796
551 995
32 54
686 894
22 593
432 776
161 206
16 599
607 858
114 583
90 165
376 760
156 596
760 844
401 890
10 61
299 518
70 590
893 988
35 355
630 973
389 811
282 598
342 773
300 901
361 830
193 263
165 758
197 598
14 162
176 941
307 616
58 312
112 614
76 853
478 524
465 776
37 158
390 658
970 999
129 269
492 761
782 792
143 480
86 680
208 500
410 620
12 488
55 435
410 757
422 914
128 282
105 897
3 288
27 248
99 289
111 188
461 978
252 257
147 707
552 604
151 748
188 858
374 700
248 512
271 272
241 817
103 808
431 785
187 861
360 930
21 533
792 827
261 306
698 809
135 281
531 856
94 252
435 601
393 574
315 363
615 968
780 936
797 966
107 234
252 324
128 986
62 84
705 846
239 672
106 569
909 978
120 929
143 260
387 442
554 950
521 562
144 947
219 374
28 440
117 755
410 879
83 158
845 980
251 530
768 786
243 283
285 395
509 854
616 681
283 746
498 797
89 473
55 122
621 830
530 584
361 645
752 760
19 788
565 614
310 471
66 860
263 379
288 755
201 739
162 584
772 878
243 295
287 495
295 740
466 901
590 641
414 874
517 923
341 593
320 483
174 514
389 417
404 594
352 412
472 617
466 832
14 107
637 966
514 871
385 387
635 693
204 352
347 434
580 689
232 991
201 272
47 104
38 719
596 977
438 703
58 249
441 682
869 958
247 435
300 692
354 681
275 614
59 211
63 410
239 932
28 506
179 682
146 638
476 838
448 887
399 945
405 429
346 948
479 690
185 498
423 556
220 925
5 39
631 936
219 774
32 167
97 520
464 704
282 331
96 933
161 924
455 938
959 980
63 921
26 397
462 1000
351 897
533 750
115 648
394 584
250 981
722 835
787 934
448 825
678 865
190 738
456 619
381 587
415 539
51 889
623 648
366 821
80 980
22 476
415 501
524 950
464 871
55 932
232 621
73 559
244 533
341 732
30 169
224 589
97 859
506 555
823 847
268 446
340 425
583 971
196 642
341 428
236 266
355 667
392 858
172 648
557 865
630 986
236 870
57 352
5 687
38 343
172 254
791 911
166 654
918 990
619 775
113 488
425 820
283 434
184 848
351 549
267 867
217 524
37 435
293 691
380 1000
580 881
690 691
276 358
779 827
668 749
631 795
160 547
629 775
57 278
402 555
668 953
125 796
88 616
123 372
229 836
2 201
121 671
95 676
69 433
77 334
469 503
31 58
489 714
99 255
495 806
208 534
55 623
167 554
3 70
178 319
72 475
177 411
927 960
708 811
493 555
31 459
83 134
52 152
957 958
618 903
207 949
700 796
874 998
323 798
545 753
144 609
821 937
155 933
119 364
182 806
43 537
717 767
451 559
765 860
13 557
338 844
243 432
99 151
410 503
250 758
142 711
325 594
378 393
347 714
35 189
124 474
913 955
211 641
31 426
78 310
645 872
367 953
202 231
651 805
353 592
453 487
34 372
584 649
462 876
505 781
153 475
288 816
59 811
280 631
207 946
294 375
282 976
314 683
700 940
219 854
395 870
523 657
19 60
54 379
564 802
53 822
102 734
91 839
605 631
557 946
102 599
112 448
312 364
36 514
80 333
692 816
816 908
19 447
70 329
699 846
505 933
214 783
73 745
149 642
302 550
388 429
27 677
121 322
289 372
629 974
659 991
183 627
585 942
374 566
433 970
204 794
221 607
348 450
87 719
115 726
376 898
532 561
245 658
20 923
148 539
770 935
249 939
497 710
802 860
755 861
94 259
497 637
27 946
813 815
972 985
229 621
43 707
582 734
213 796
9 287
121 803
817 891
500 878
174 354
428 705
5 522
424 770
33 151
225 964
666 894
569 628
834 989
31 349
59 545
101 491
189 958
206 569
312 378
141 624
264 905
176 795
185 847
15 368
212 337
78 764
100 455
267 579
330 793
512 785
505 749
114 893
174 892
153 464
644 711
460 815
5 457
269 920
78 926
295 684
676 772
579 734
458 942
737 998
405 677
160 991
444 832
236 944
995 999
270 680
345 348
512 988
416 512
280 647
112 296
416 877
276 779
159 460
362 728
763 807
592 757
278 904
783 978
604 667
422 694
230 588
446 537
260 959
638 935
722 810
648 985
188 319
425 770
264 384
484 750
122 136
23 718
56 193
77 617
704 776
490 777
180 656
23 306
109 333
40 929
731 943
392 875
53 156
434 507
52 619
111 394
21 638
156 975
462 800
367 420
359 956
437 857
817 997
415 616
241 265
261 529
493 676
283 946
465 510
740 911
182 303
1 229
497 694
579 678
844 989
184 769
478 819
363 492
4 320
54 350
552 845
116 515
360 492
96 729
460 940
667 729
348 675
57 903
286 907
692 787
253 739
184 982
584 912
423 488
769 939
106 681
167 905
584 793
147 882
669 946
569 785
668 823
69 152
104 788
729 844
113 895
200 595
118 594
298 987
671 984
235 861
570 906
121 194
176 729
699 738
5 445
524 552
222 859
939 1000
65 877
246 880
575 955
22 553
326 930
167 817
41 95
450 655
340 488
399 997
269 651
255 924
599 933
379 667
168 427
485 903
283 428
29 717
81 236
441 757
455 470
210 747
359 904
173 227
12 768
147 839
209 523
114 410
583 889
42 52
39 927
864 996
473 821
314 397
693 845
491 998
209 676
796 947
947 989
64 793
8 874
662 933
147 549
310 718
255 524
290 896
904 936
569 591
185 386
42 960
520 827
84 420
14 872
210 833
364 559
266 996
241 745
72 930
241 989
518 544
89 743
704 741
160 356
566 828
400 753
863 971
266 653
448 749
137 617
516 945
102 318
960 972
393 759
481 614
407 769
384 579
421 962
564 814
345 752
23 94
69 389
638 992
40 576
201 585
42 876
67 314
100 340
98 465
472 840
465 508
547 790
854 886
555 965
73 328
313 851
132 164
181 778
266 573
307 586
681 922
607 796
453 740
540 612
202 363
502 610
372 824
163 589
676 786
14 612
606 750
160 301
123 876
13 603
22 179
324 343
52 496
76 904
598 884
191 476
408 498
840 919
89 632
615 653
472 847
613 755
224 774
217 672
479 953
118 476
69 476
313 995
859 956
255 803
571 886
52 397
604 703
220 831
558 624
224 747
245 964
637 919
147 224
705 778
526 727
46 360
442 658
3 357
580 736
428 527
667 794
166 904
356 388
668 776
20 29
234 283
800 805
524 715
77 328
37 828
704 835
597 786
307 458
57 828
413 433
562 803
51 403
194 818
46 979
667 844
939 995
566 944
263 659
39 784
800 906
121 449
36 760
125 836
138 861
345 892
73 864
307 444
374 951
59 782
344 710
290 469
507 751
38 607
498 541
772 854
358 411
4 267
303 698
320 822
212 780
126 922
16 304
700 989
194 232
850 952
171 194
230 284
72 214
134 579
161 915
255 600
101 666
831 994
720 911
386 442
768 993
595 639
464 812
700 709
516 614
425 628
261 849
230 449
171 991
41 822
284 970
504 614
734 939
187 619
663 922
239 841
383 384
671 939
387 802
258 531
368 938
164 361
223 328
47 53
331 515
865 900
136 563
12 94
527 585
226 879
616 624
430 759
115 276
528 575
613 811
137 866
201 546
129 622
692 971
121 174
776 891
715 967
274 566
501 986
237 706
357 390
133 978
125 170
193 210
524 639
583 933
614 664
427 661
538 967
28 58
383 853
727 850
460 584
329 986
31 843
214 249
305 933
360 418
264 706
106 548
642 958
508 777
416 615
149 350
30 202
24 856
933 982
260 287
122 749
689 785
154 537
182 213
689 709
31 230
479 968
165 620
661 956
380 726
294 564
755 770
62 720
91 259
30 806
528 625
604 914
230 531
79 812
319 392
769 977
27 368
787 847
50 905
230 283
5 833
671 864
561 815
64 668
616 653
311 991
366 688
128 889
1 237
143 192
660 990
342 924
571 962
665 854
449 513
639 769
196 445
248 852
311 606
151 894
367 535
428 512
331 962
348 828
222 456
51 462
770 941
825 975
96 388
567 923
488 921
266 581
185 528
385 409
217 831
28 765
495 515
392 854
95 241
384 401
803 818
324 855
172 561
230 493
1 967
412 653
360 742
934 941
609 971
53 210
79 570
171 240
216 946
146 313
549 806
81 970
335 446
529 610
142 684
111 134
57 896
442 555
273 473
5 564
36 98
174 553
417 555
196 322
589 961
505 843
303 354
399 505
724 856
122 832
169 899
383 666
704 752
588 990
137 228
158 804
19 129
112 557
247 856
155 758
120 340
458 671
425 781
450 477
591 817
237 864
76 425
290 678
63 617
442 949
108 858
399 544
68 631
76 177
221 302
237 916
280 757
561 870
619 715
508 958
446 846
355 832
652 653
497 766
209 481
56 335
305 693
733 963
278 363
573 890
485 606
548 892
551 960
276 672
802 909
573 695
423 650
494 771
204 380
493 715
581 707
20 368
667 865
731 788
62 885
47 811
280 387
335 616
569 961
185 577
655 836
130 549
513 683
