1000 5000
123 503
198 786
414 879
71 442
347 719
774 865
3 609
187 914
22 154
63 945
506 683
432 570
322 387
324 419
454 571
128 222
343 602
550 881
20 273
59 822
542 801
559 909
29 658
449 918
31 292
931 983
324 911
130 353
238 646
114 487
355 604
299 699
27 420
13 20
234 451
73 396
435 821
312 459
457 813
386 605
4 583
392 876
601 645
412 489
358 544
620 966
513 975
626 647
291 799
553 765
420 940
774 856
617 856
444 684
138 681
213 243
582 851
453 586
809 916
404 981
904 992
170 787
134 821
780 997
177 245
857 896
621 785
569 654
108 126
751 809
661 972
149 903
23 487
279 516
561 677
176 811
817 819
711 800
582 680
285 434
567 849
436 770
717 986
419 724
97 303
243 312
226 791
65 552
248 504
139 635
32 68
341 907
395 408
327 861
18 107
94 717
347 733
224 353
296 942
460 468
333 930
540 996
194 562
284 381
301 419
106 781
89 390
398 806
58 744
6 205
243 909
286 408
108 680
112 517
476 497
37 586
444 604
599 823
174 888
376 559
32 913
676 919
234 565
1 710
180 220
369 752
333 447
118 352
262 304
802 989
250 341
821 853
571 942
107 651
169 359
593 734
573 618
831 911
280 420
687 892
657 825
506 708
658 991
537 726
314 857
575 683
353 949
445 807
47 983
106 336
490 685
14 377
555 982
240 503
39 926
116 476
667 964
542 720
100 664
265 274
154 746
231 829
90 691
440 926
576 736
116 568
598 943
323 811
269 347
272 475
40 498
295 874
132 408
556 912
190 807
854 928
672 727
178 714
395 848
395 487
177 338
66 388
13 854
55 170
96 659
153 627
595 772
150 944
465 660
300 851
85 265
195 713
324 995
454 950
1 679
165 417
215 666
365 927
97 798
167 279
444 927
361 897
896 948
17 189
79 326
137 414
249 385
263 913
374 774
451 656
144 627
397 415
182 991
91 195
662 798
148 205
77 353
554 639
834 873
889 959
375 604
157 393
393 674
283 655
279 753
217 793
342 997
345 665
401 418
241 981
753 898
916 956
739 956
491 800
646 855
405 843
118 427
600 693
503 594
487 963
182 761
259 685
367 596
336 451
482 875
121 460
11 918
433 866
711 772
51 856
179 825
113 695
130 463
39 139
98 443
61 293
320 887
444 728
546 967
597 851
575 959
394 843
145 199
364 512
57 88
256 888
682 941
365 879
479 666
244 832
50 137
13 275
453 535
458 899
610 731
556 789
813 929
80 230
337 435
137 795
101 229
459 816
25 816
124 925
268 282
505 824
164 654
220 770
95 365
150 327
78 736
206 864
155 325
336 442
244 937
283 930
379 713
281 591
90 652
125 848
120 481
308 365
606 716
272 433
735 797
510 698
276 854
117 539
173 857
598 944
11 419
729 775
364 964
94 229
386 674
187 392
833 989
645 694
209 366
65 481
214 596
470 962
71 207
277 375
152 762
904 906
617 636
941 966
303 349
379 849
417 969
107 334
215 673
201 882
368 915
560 972
760 841
152 617
524 546
81 943
339 988
197 849
141 964
180 191
699 934
132 912
24 313
338 348
359 619
50 629
456 858
276 407
846 938
23 304
408 594
301 505
211 698
301 836
84 322
341 349
720 987
75 129
2 54
536 685
21 453
79 713
75 378
409 501
45 553
120 384
355 519
391 855
204 842
485 579
197 382
135 450
699 846
536 732
114 303
77 697
596 671
3 384
190 343
93 1000
778 825
449 719
543 940
245 776
246 272
144 346
640 778
218 810
130 623
572 890
476 749
773 919
169 358
4 417
371 734
190 294
248 297
500 781
466 877
477 506
712 877
161 599
252 528
127 979
754 827
833 943
226 522
152 345
687 806
686 794
82 998
870 953
544 619
289 320
808 816
552 645
220 888
295 660
478 538
423 821
392 973
9 398
726 891
468 674
322 629
638 969
160 558
636 644
182 709
1 335
311 820
22 713
460 715
268 585
179 712
695 894
511 861
55 528
222 256
60 491
224 532
98 351
617 648
266 691
32 140
582 771
412 917
146 870
14 352
645 673
167 203
44 508
45 288
174 726
530 896
657 776
341 367
765 871
569 606
589 792
159 296
883 976
481 945
354 884
260 795
575 762
244 542
26 796
301 967
508 576
933 993
40 592
41 583
367 625
98 528
134 233
244 909
84 739
750 964
640 723
207 637
23 576
480 901
703 909
564 904
174 622
158 953
87 743
364 501
130 528
276 428
313 670
336 810
8 343
315 821
371 998
360 373
178 804
34 234
306 314
571 839
18 829
40 712
70 862
475 523
473 493
77 723
132 248
210 597
65 382
430 875
434 598
255 616
535 938
148 408
699 853
611 618
23 61
371 772
65 625
248 463
411 621
317 832
618 984
657 984
674 982
345 814
414 447
144 250
407 962
399 521
432 760
936 955
829 911
591 592
443 918
80 812
687 844
279 691
814 828
652 725
47 694
123 347
323 995
108 960
343 508
765 904
94 200
684 915
496 572
170 175
277 291
168 724
355 873
135 965
121 161
538 770
158 638
620 829
214 395
52 143
126 761
108 599
381 709
163 388
220 280
303 393
828 991
632 637
463 727
688 964
545 589
711 838
87 104
90 361
182 686
702 970
332 849
131 563
406 637
133 768
248 801
119 443
83 992
230 666
763 828
599 909
233 812
469 953
220 497
37 330
402 803
77 558
408 518
80 478
647 998
67 779
429 709
121 935
138 690
505 909
397 540
216 633
48 828
398 832
769 892
627 928
421 636
82 385
709 926
47 91
529 883
234 785
255 452
218 759
200 641
40 694
652 997
524 946
707 799
446 991
413 557
430 885
896 964
859 968
489 869
56 907
769 939
718 791
420 545
695 813
720 845
242 407
225 309
97 660
262 935
63 200
67 694
466 514
451 704
195 535
329 982
36 529
511 881
24 355
187 241
99 115
27 254
250 422
123 924
234 316
715 752
453 606
311 574
516 828
901 970
5 208
80 937
527 810
175 586
509 855
457 740
556 733
4 341
390 655
559 879
124 370
32 886
18 236
293 294
115 711
115 826
389 408
248 484
85 521
250 318
821 880
56 716
73 933
572 812
39 663
483 655
47 248
452 805
148 606
420 475
809 937
990 1000
333 764
297 528
30 676
450 613
250 973
233 568
153 574
351 935
815 898
119 529
446 969
213 962
143 939
148 775
666 779
331 443
919 928
27 898
194 891
672 770
69 712
504 853
53 858
165 229
419 694
188 330
650 749
479 782
687 864
10 268
211 645
672 881
156 597
66 727
470 914
161 518
636 757
75 248
112 846
426 476
320 572
467 831
374 537
468 620
106 356
72 791
396 992
623 675
57 787
476 508
42 89
494 877
425 810
45 625
263 336
339 812
266 500
673 934
146 606
510 621
186 242
242 554
828 850
406 537
538 568
102 587
584 619
267 994
108 345
698 732
328 532
348 853
130 384
254 662
629 831
336 885
27 776
742 955
912 952
68 436
30 984
288 732
551 596
71 910
169 929
520 919
4 179
632 998
279 406
615 902
869 967
411 876
140 435
161 325
141 401
144 822
326 450
366 672
404 837
499 906
613 823
100 257
137 172
45 384
68 807
34 454
422 746
166 490
259 705
599 942
17 972
306 562
111 837
3 622
81 882
299 394
543 679
506 769
231 410
431 761
270 313
454 554
399 480
453 909
221 640
71 568
386 887
592 983
721 802
76 248
57 172
9 708
908 976
671 889
268 810
124 295
85 715
566 800
326 453
328 804
370 534
406 952
80 735
334 976
500 949
796 829
814 915
266 486
672 952
339 826
462 868
489 759
489 842
431 928
295 927
223 578
573 931
152 950
724 900
765 966
363 839
507 826
456 824
164 585
473 689
311 746
105 890
495 564
224 377
354 981
560 776
419 685
192 786
318 445
546 810
616 735
796 963
195 905
879 914
881 972
555 952
185 821
326 886
60 748
556 809
25 489
260 843
421 503
719 816
228 394
206 925
230 402
352 616
120 937
364 826
510 567
540 725
225 677
652 959
317 364
284 686
378 807
472 694
750 788
434 542
553 582
201 806
58 921
205 673
671 900
466 728
693 764
484 626
35 788
270 728
237 795
92 648
684 848
43 411
336 687
120 246
563 961
51 948
90 978
34 871
143 758
275 777
184 509
73 640
114 441
679 815
633 722
119 136
300 409
541 778
819 847
785 803
168 486
559 730
227 837
752 965
72 717
790 812
111 739
679 710
496 669
633 812
13 723
467 569
504 888
528 704
450 697
344 428
825 1000
695 909
348 825
112 786
330 835
403 757
331 557
240 658
371 626
146 725
407 880
599 767
411 731
214 918
195 288
412 810
35 746
514 725
450 552
200 586
937 956
309 381
437 990
635 715
101 251
484 770
231 278
302 340
360 880
785 804
309 563
680 868
37 41
455 718
457 864
161 916
538 756
208 255
494 784
758 918
372 514
387 525
414 811
513 946
533 772
330 763
520 860
22 267
596 754
355 753
541 762
176 530
542 594
69 670
819 959
485 777
492 897
58 538
19 349
312 721
60 778
25 761
298 492
686 774
691 920
708 858
249 941
103 912
569 577
180 403
879 937
74 375
58 848
348 935
37 983
610 773
850 938
208 940
155 727
172 373
194 902
67 601
108 653
36 783
720 893
735 911
384 519
536 719
224 657
367 604
802 911
360 902
182 608
164 171
274 535
310 963
57 938
774 932
243 284
425 641
318 949
853 892
820 916
178 507
677 781
340 500
734 822
217 761
15 426
195 980
415 943
363 803
597 716
854 970
123 227
730 953
14 540
167 865
459 808
522 909
544 717
48 503
29 139
673 996
215 462
255 631
698 996
145 556
383 803
701 751
724 816
15 249
492 557
149 610
386 417
587 952
734 825
753 987
53 914
348 774
386 698
633 944
170 261
121 132
361 834
12 442
250 480
40 724
370 733
496 608
174 820
433 827
103 584
31 597
52 91
309 526
576 794
494 805
5 427
830 899
59 750
27 367
342 371
180 797
215 558
770 886
271 360
169 735
166 571
500 782
29 560
545 642
530 704
509 968
425 540
117 200
29 673
230 473
106 654
766 767
198 749
199 907
94 530
974 1000
42 393
477 869
424 570
282 885
923 993
300 372
728 786
693 768
124 336
432 772
583 730
603 910
183 695
475 998
389 704
637 739
726 747
138 567
362 604
878 918
168 600
318 483
716 837
381 577
74 213
38 994
54 100
114 124
313 660
18 637
6 251
163 264
542 985
299 921
781 842
760 897
195 261
158 411
801 962
252 927
254 879
196 343
144 672
72 861
325 373
434 604
109 915
127 825
289 457
568 834
311 507
738 827
149 524
442 518
47 886
301 599
195 547
33 409
363 453
35 493
87 625
381 788
94 738
699 972
169 713
577 933
524 863
686 698
101 303
601 718
6 436
175 457
31 889
250 394
106 503
29 77
74 886
388 679
79 109
867 940
615 879
378 566
582 906
749 997
164 859
680 703
221 790
330 559
147 546
594 934
441 654
659 740
537 858
227 368
27 639
84 644
69 834
838 911
358 688
364 770
570 949
165 383
352 858
426 711
758 972
351 979
407 989
136 640
559 661
48 221
229 632
781 922
107 119
152 582
87 526
237 413
476 763
277 433
169 344
226 283
134 368
157 454
88 296
55 299
661 828
646 650
419 471
443 595
248 761
192 849
378 900
303 626
472 908
401 813
221 879
755 916
238 744
628 721
59 669
477 880
38 304
703 732
427 977
28 382
102 136
287 613
783 949
295 531
560 992
45 669
191 468
46 323
359 566
103 765
767 799
234 969
36 928
454 467
238 913
24 210
64 441
192 825
67 778
100 914
377 824
748 806
291 703
418 470
311 544
475 747
2 99
424 476
498 776
120 896
634 947
192 936
638 923
32 694
198 713
35 674
163 396
327 495
241 924
92 510
511 937
277 737
202 362
238 261
72 440
117 951
10 569
122 991
413 556
485 623
857 987
161 230
342 669
144 303
769 938
365 532
539 572
243 661
229 260
428 769
50 953
17 298
16 873
492 519
110 964
662 879
418 949
539 870
369 799
149 510
276 701
246 562
83 601
28 174
563 918
691 931
489 563
821 999
272 530
436 443
331 746
98 166
701 828
297 993
563 775
178 206
656 680
363 643
894 957
328 372
239 971
20 508
386 771
631 865
779 856
208 884
541 964
391 680
358 677
531 1000
713 973
678 841
510 608
540 874
206 228
28 483
35 393
473 596
735 852
41 421
354 974
61 527
137 524
523 717
546 775
135 930
488 792
270 752
217 228
490 548
271 601
202 269
809 936
811 956
205 485
41 905
79 444
246 676
906 984
264 275
51 963
655 711
219 578
327 918
94 935
679 994
539 669
6 548
558 604
320 992
137 750
172 718
502 845
449 524
596 858
303 835
101 991
162 766
325 338
71 295
700 904
921 973
574 945
168 403
152 493
498 540
151 399
975 999
764 858
66 677
731 758
92 888
112 299
295 832
277 469
43 446
349 765
156 316
229 850
211 827
599 733
394 818
514 759
293 700
129 137
188 314
557 991
444 473
523 851
706 996
193 735
858 911
374 542
29 219
379 928
179 540
398 400
778 924
293 779
202 647
296 704
8 949
478 744
483 990
816 988
157 204
430 911
770 911
474 519
314 940
685 694
172 450
745 845
246 916
467 540
433 732
50 930
198 779
70 651
164 911
841 949
272 957
35 864
455 530
169 535
442 866
342 443
671 738
303 452
585 869
124 698
507 924
399 815
219 547
491 838
96 347
116 790
26 65
577 780
601 933
102 220
28 298
323 427
142 294
790 937
221 226
120 598
120 448
391 663
896 929
72 878
569 765
53 335
402 748
572 843
186 250
956 957
277 955
333 975
425 675
135 199
781 944
619 726
506 584
108 900
52 905
677 879
17 963
236 816
223 798
370 510
704 855
161 535
454 555
127 915
588 615
715 802
754 891
269 835
398 665
163 448
740 749
244 330
885 905
80 918
430 814
241 945
292 704
387 537
783 927
695 777
381 875
112 193
326 542
21 383
276 745
116 563
264 668
263 470
505 969
255 892
329 525
111 845
184 264
222 448
520 823
499 893
762 829
83 634
212 350
158 573
304 386
654 795
251 304
288 294
199 357
751 968
239 903
440 759
548 759
4 853
224 233
741 924
26 486
314 871
9 57
447 513
378 504
379 951
288 858
401 764
55 220
203 258
518 959
408 858
260 398
962 970
480 615
138 213
48 992
158 735
356 876
50 435
180 819
329 677
623 814
864 989
666 729
386 474
560 945
44 226
170 1000
304 997
340 917
145 203
843 956
399 917
456 800
202 914
170 213
119 282
429 531
301 403
231 395
486 913
514 731
36 64
937 954
755 991
185 496
539 705
241 613
352 405
719 824
150 216
192 921
613 619
268 985
395 540
146 560
625 664
53 740
365 594
292 825
828 896
133 822
371 855
174 904
357 424
362 488
89 688
287 573
363 935
236 910
790 813
611 791
23 552
192 754
601 743
599 948
598 932
67 223
467 901
161 585
1 924
608 639
551 746
55 934
3 580
264 793
118 852
216 562
305 412
589 889
220 252
458 595
94 567
205 624
683 989
629 899
40 736
83 834
136 211
445 823
85 741
160 516
290 580
790 949
791 915
115 434
705 867
284 701
853 897
303 318
232 246
418 906
183 707
663 847
116 520
29 548
528 883
484 609
618 771
359 631
484 980
513 802
145 851
183 319
560 830
460 506
262 767
66 404
301 389
31 721
250 904
394 984
109 466
509 941
592 623
165 448
5 23
278 362
155 867
279 434
758 964
46 604
711 878
32 757
323 396
582 967
383 750
57 755
130 341
496 962
204 582
421 909
25 108
313 422
389 724
428 484
746 942
169 790
233 241
137 240
110 585
128 867
54 298
554 988
275 427
370 394
441 919
24 233
315 503
573 966
455 599
229 683
158 835
267 575
395 447
195 983
515 628
15 437
384 753
916 989
116 201
134 886
504 577
429 638
599 652
323 913
468 996
363 691
106 854
123 297
288 759
76 591
94 545
334 382
616 843
651 738
69 440
126 918
396 946
184 514
132 600
222 531
705 893
260 959
7 727
504 799
266 386
764 787
530 695
198 969
839 853
381 776
299 541
83 485
66 800
158 842
217 705
197 992
471 716
271 403
277 850
226 625
150 995
834 880
320 758
411 673
156 356
264 323
124 144
126 707
252 477
71 198
71 525
145 651
37 397
288 345
252 906
573 758
481 933
261 468
815 989
298 728
10 84
283 478
227 787
102 822
485 577
52 495
15 741
638 964
179 298
790 862
384 929
129 725
93 593
222 538
82 121
7 769
11 959
601 773
564 578
104 918
381 470
221 556
76 671
3 92
222 848
313 980
534 626
6 443
777 799
179 456
159 747
272 901
237 322
455 986
99 161
134 864
193 751
51 920
412 783
346 913
148 1000
275 813
574 793
367 517
524 579
155 701
446 492
265 608
12 244
85 308
434 460
52 502
161 268
71 667
646 960
78 262
743 787
232 541
345 802
325 630
143 261
381 794
76 662
351 637
298 318
444 766
670 995
177 285
323 330
125 447
127 986
590 859
662 819
354 899
150 584
478 965
300 912
409 706
448 510
46 84
69 951
451 945
222 552
16 103
768 823
382 603
550 740
327 948
87 857
643 888
59 219
495 983
58 686
260 773
498 879
746 883
66 107
360 415
680 840
110 762
772 982
458 820
847 873
422 790
756 978
830 946
392 837
209 625
706 740
392 410
174 950
192 471
33 597
145 935
519 838
187 313
663 701
650 716
168 576
445 907
484 524
584 978
324 536
571 1000
288 676
240 685
205 949
42 489
702 824
475 668
278 628
561 563
216 935
105 962
553 995
455 857
185 295
650 659
445 674
447 601
28 352
875 914
548 926
589 736
18 129
555 784
40 601
276 343
453 643
131 716
26 321
63 521
320 505
320 820
356 495
818 997
134 230
195 555
343 962
58 606
442 836
204 811
96 932
22 294
462 610
618 668
505 906
414 897
252 575
187 431
385 653
600 761
433 981
340 647
446 587
547 978
788 915
720 953
330 445
572 615
898 965
333 672
248 617
7 212
523 903
161 236
15 180
608 782
789 994
169 892
459 605
868 877
385 943
9 304
634 734
62 522
263 511
230 664
796 884
505 546
196 469
767 798
215 902
309 658
254 632
57 983
41 442
77 342
59 634
150 482
685 738
210 876
137 513
45 248
498 579
48 830
61 338
395 457
715 768
404 572
614 952
191 693
638 920
12 995
90 463
163 962
129 355
257 739
55 229
199 878
188 413
228 751
445 895
120 421
429 997
690 977
360 500
105 183
549 633
514 960
87 981
915 972
239 818
437 715
149 396
353 894
206 855
523 582
601 695
690 928
51 329
33 419
344 818
273 636
256 334
459 924
756 862
118 868
619 634
780 868
487 604
566 683
401 909
477 720
27 97
190 751
66 476
191 690
431 793
340 661
801 909
87 310
103 524
515 724
60 674
170 635
62 421
690 968
214 266
567 664
107 275
508 614
660 717
53 814
97 281
423 929
375 829
177 628
51 334
416 977
788 842
861 876
623 893
73 272
717 957
495 530
161 658
188 333
19 300
201 299
146 765
9 838
251 992
514 765
396 463
291 310
135 818
431 806
395 762
359 894
162 652
344 599
306 873
73 626
865 989
552 593
129 747
20 79
242 308
329 370
890 975
9 474
83 242
599 805
85 218
174 874
34 552
350 790
114 378
118 274
134 535
246 327
286 324
287 350
513 971
399 944
56 778
257 927
390 605
728 934
237 635
109 657
18 592
114 403
595 877
544 670
245 940
338 616
106 169
378 594
12 904
342 564
306 864
710 933
756 917
278 300
392 896
338 507
231 324
431 459
361 509
162 163
571 747
860 891
17 214
215 608
849 909
291 947
104 537
86 834
17 969
345 785
553 815
237 739
435 935
184 379
291 343
536 976
629 829
169 233
116 299
81 450
281 333
155 394
284 353
270 707
659 672
36 84
642 667
371 415
278 546
301 899
213 310
469 471
144 808
146 964
20 93
117 906
246 893
214 874
180 208
783 913
700 927
384 864
404 761
274 566
704 825
248 838
246 337
319 421
232 597
304 573
563 571
722 879
329 523
435 940
18 563
369 503
494 547
479 675
248 693
335 911
279 743
229 835
122 537
407 871
253 999
159 680
288 725
146 194
644 658
442 733
370 645
223 357
243 603
151 354
575 890
5 653
584 701
418 783
937 984
76 444
717 895
258 356
81 591
244 592
134 946
231 769
89 677
492 716
829 843
243 889
208 736
504 695
526 782
305 845
86 860
436 590
309 760
347 727
701 999
204 884
225 473
578 819
229 433
212 351
712 981
565 994
418 663
606 956
329 413
56 142
220 239
170 695
501 588
635 866
176 845
504 917
417 597
52 695
739 768
206 345
902 970
742 832
407 578
851 910
282 361
451 799
378 805
108 868
180 361
16 762
660 744
437 561
239 275
282 626
281 746
338 810
486 775
51 179
394 836
342 886
16 836
91 207
606 617
311 765
701 992
316 744
573 608
151 259
483 722
337 835
170 210
139 507
62 682
23 212
508 698
112 876
740 809
228 435
174 798
135 474
693 801
28 765
584 864
468 642
726 859
53 296
347 519
828 897
62 627
102 666
431 944
397 832
90 303
364 834
34 583
279 455
477 637
421 720
591 985
390 490
30 470
412 949
451 661
343 462
109 327
831 958
137 492
104 644
599 761
66 839
484 957
394 990
585 717
108 462
164 456
496 637
99 350
707 757
706 960
504 931
778 952
140 337
379 836
232 659
2 366
554 835
422 645
479 956
336 454
172 271
354 368
27 564
800 922
410 436
711 769
195 576
549 561
452 594
217 499
398 600
400 642
165 883
424 809
258 736
223 443
39 798
577 966
64 74
281 756
390 920
231 246
177 955
324 574
608 631
608 956
309 792
661 788
419 834
442 443
171 779
461 952
152 828
167 912
634 896
669 745
361 854
432 727
472 932
416 881
35 296
128 139
89 602
826 964
149 816
208 942
429 917
268 968
766 902
432 678
52 652
142 266
113 732
274 642
538 765
100 891
669 960
283 368
122 456
246 261
360 904
504 793
144 725
381 782
662 700
771 922
403 660
167 407
703 874
10 831
318 955
101 894
639 679
270 830
162 415
436 546
678 993
400 510
254 674
626 728
635 913
228 473
467 771
194 217
700 851
115 991
136 194
82 898
193 346
106 557
234 396
489 924
312 568
24 66
652 861
317 398
248 769
138 246
122 806
467 609
432 999
567 729
286 696
28 396
303 890
804 864
113 678
368 426
477 584
131 470
371 730
300 524
279 680
632 827
245 578
67 181
364 625
73 868
681 914
314 656
849 877
64 503
444 856
467 776
47 187
465 612
484 938
450 563
552 641
109 782
2 53
20 927
721 894
815 988
192 998
392 542
120 537
175 231
68 995
14 238
472 748
34 760
72 486
381 687
58 979
58 185
147 638
101 799
617 763
7 437
246 930
853 923
323 864
412 618
299 843
288 568
91 614
511 849
807 868
386 512
441 603
153 878
46 227
84 914
447 884
820 868
88 341
269 373
511 806
38 434
259 419
5 240
479 841
225 954
118 204
462 953
653 719
446 599
96 730
947 974
140 632
783 811
418 717
472 494
568 974
455 874
186 394
404 453
313 770
605 615
325 831
933 997
307 476
368 900
2 370
258 341
756 980
334 519
65 175
709 729
782 815
452 694
234 513
217 463
365 703
558 790
209 648
104 600
600 637
229 709
361 756
603 686
13 419
467 937
216 615
750 947
254 770
476 662
277 286
61 577
376 471
66 930
657 698
947 983
748 765
124 762
215 728
303 622
261 617
861 940
70 858
667 795
585 611
603 921
732 758
68 840
662 745
365 551
22 776
79 132
171 472
669 932
832 841
289 706
397 918
159 902
604 850
130 425
274 633
184 647
276 674
6 865
691 846
69 180
107 596
588 592
274 319
661 817
3 218
439 454
499 820
351 352
522 617
544 636
192 860
245 974
391 814
600 755
585 814
786 985
304 364
310 337
610 830
258 436
96 274
351 497
260 781
115 494
60 662
321 745
107 882
17 240
823 856
14 873
96 822
100 457
157 1000
283 920
432 899
489 694
487 871
167 734
385 531
97 358
24 205
81 492
459 564
23 602
235 646
490 969
15 986
642 701
365 834
22 568
538 769
296 855
316 656
480 782
318 553
706 926
484 846
86 581
87 291
52 711
255 472
438 680
207 814
351 510
83 884
544 829
155 860
327 570
164 360
94 835
238 499
39 198
258 875
243 347
392 884
691 738
598 882
638 880
641 956
128 745
255 739
71 790
148 740
148 273
516 673
459 998
665 791
443 928
43 743
210 877
248 659
247 272
280 382
557 865
13 771
600 903
374 664
123 341
71 935
257 804
661 835
223 283
188 303
204 946
83 118
563 768
106 736
32 771
267 729
363 652
16 530
254 461
56 84
471 601
533 600
288 381
168 280
370 758
368 849
228 744
228 805
190 494
11 265
233 310
107 864
143 491
515 895
183 661
828 832
673 734
637 858
655 913
86 227
394 703
128 736
418 947
533 655
185 932
71 783
205 281
349 745
243 772
501 765
30 273
656 992
142 879
603 650
110 494
19 407
332 924
294 815
578 836
6 229
78 573
903 983
675 780
468 601
620 814
472 924
89 914
399 835
113 481
81 610
248 963
33 903
34 440
513 523
644 896
166 452
115 370
540 868
595 956
482 508
99 492
367 662
356 389
33 624
235 732
20 167
277 799
206 416
8 60
812 912
281 693
194 347
160 802
144 940
487 596
492 962
219 321
188 874
460 967
64 312
227 980
30 214
394 591
251 557
345 544
772 803
57 783
457 658
114 488
663 934
423 968
103 206
322 678
144 842
324 326
223 901
370 635
187 748
117 552
25 615
353 655
449 840
47 797
410 939
359 607
436 943
294 972
239 688
310 896
23 260
170 255
122 532
525 728
967 998
15 574
271 458
109 656
111 929
114 400
408 984
208 981
794 836
63 770
758 775
356 738
378 493
472 479
418 762
610 656
94 940
421 426
541 617
65 237
380 584
72 873
108 709
237 924
492 735
438 551
731 775
70 963
386 463
756 773
115 320
78 809
579 772
799 991
781 949
351 574
122 857
620 962
215 382
468 845
29 581
825 977
565 878
517 907
247 761
146 803
168 555
403 730
153 806
722 772
388 398
940 953
762 809
321 933
481 718
69 591
378 747
123 932
636 834
456 924
286 522
453 897
292 628
295 712
576 957
61 624
460 552
150 638
4 190
598 695
196 275
105 596
68 915
198 252
84 310
627 763
826 905
539 621
348 419
208 859
45 615
173 434
565 710
638 772
70 399
327 535
113 655
2 871
183 761
186 309
8 66
387 931
212 821
138 176
690 837
784 872
307 539
271 513
308 317
346 616
184 259
60 865
316 731
297 511
116 307
27 223
192 195
428 553
103 418
505 951
839 931
578 936
228 881
634 988
447 538
178 679
201 849
255 482
537 783
241 506
200 679
733 920
42 765
318 326
7 809
653 865
526 924
470 728
417 460
269 547
400 670
519 888
186 316
596 736
44 229
63 603
501 809
249 507
619 788
122 292
340 467
658 840
608 611
309 711
71 1000
328 517
163 708
115 597
132 413
171 807
351 701
78 938
232 791
193 567
213 342
35 737
72 928
508 700
95 237
278 327
44 446
5 832
45 915
26 81
121 341
49 464
525 596
86 650
450 923
108 675
69 887
682 970
2 966
331 459
405 507
260 965
210 536
7 347
7 749
191 400
530 849
674 938
638 822
306 592
93 824
920 929
22 380
81 976
629 721
595 609
104 527
835 984
216 702
527 566
765 988
269 343
626 684
486 772
296 331
21 759
831 944
96 568
208 631
353 516
281 666
581 916
69 570
17 407
126 382
718 937
347 489
94 135
314 876
556 803
511 917
278 899
243 927
419 804
544 699
139 644
871 975
196 947
265 577
250 570
584 665
507 530
328 853
384 402
609 879
151 910
189 311
246 839
579 678
63 322
121 770
251 703
393 927
487 648
839 872
643 718
680 783
130 496
149 596
4 457
167 480
22 375
173 302
213 605
380 707
364 415
241 643
737 851
352 906
920 983
168 519
642 717
74 181
151 876
160 257
159 331
162 560
716 948
473 894
58 852
664 871
476 555
166 299
683 991
645 721
760 976
405 855
615 935
101 914
77 825
391 868
214 457
106 334
699 831
348 391
59 732
132 161
261 701
501 915
337 914
632 655
448 608
201 981
256 717
538 937
243 280
462 570
174 591
122 305
179 503
126 281
329 915
145 270
143 783
172 635
104 652
161 561
808 863
568 570
183 564
220 245
552 660
174 406
258 515
168 669
439 960
173 947
154 231
192 350
46 425
265 440
134 780
360 890
656 754
159 449
74 453
238 458
184 946
168 471
172 263
155 345
464 797
250 258
126 433
162 214
749 807
474 747
519 860
59 927
166 977
633 963
727 921
304 465
379 698
175 877
750 927
198 871
549 650
605 882
165 177
257 432
516 879
477 767
39 600
184 294
478 982
27 176
152 335
95 176
44 966
378 427
621 850
23 226
659 717
342 523
92 986
301 508
210 259
447 551
27 660
196 357
582 619
877 964
382 951
807 921
348 405
37 942
317 397
500 915
373 395
154 785
68 191
33 395
710 890
17 337
712 795
54 291
238 444
221 412
441 491
629 693
334 677
171 702
134 139
222 672
489 618
382 732
308 743
291 361
550 802
404 531
81 272
869 898
194 612
10 195
361 666
177 773
92 977
519 635
280 656
64 178
194 919
319 891
325 762
531 963
288 895
138 329
314 582
186 940
350 408
665 905
62 620
65 280
246 276
446 911
579 642
359 474
16 324
252 874
219 818
493 837
439 777
520 649
704 875
725 959
577 936
580 844
265 644
376 791
621 766
638 676
270 777
364 617
404 538
224 859
296 302
775 960
151 880
743 762
707 918
339 656
68 399
413 799
34 641
109 774
517 852
475 561
184 984
354 889
8 316
172 759
27 610
447 480
265 614
394 521
35 965
474 597
3 832
614 764
117 444
117 577
227 724
704 755
746 921
429 784
86 787
488 937
344 483
162 310
16 725
250 287
699 968
2 815
666 848
312 769
21 684
318 941
392 815
30 314
180 918
291 653
272 553
254 771
128 692
649 791
444 879
209 792
106 756
340 808
677 694
803 967
364 759
91 937
235 792
662 928
809 985
386 826
556 757
222 635
498 877
580 617
564 675
600 668
374 598
548 913
627 696
332 658
594 829
496 992
205 849
294 404
115 802
746 896
581 668
33 414
548 992
142 406
94 737
275 530
572 772
97 364
135 955
215 308
35 383
108 965
471 725
181 959
833 957
447 970
110 784
881 905
19 61
37 107
347 911
257 663
185 293
40 342
98 692
390 853
544 807
121 269
12 228
488 520
343 879
40 603
493 927
112 179
576 866
593 964
499 597
631 772
10 389
358 509
196 531
490 935
34 629
57 972
594 634
687 840
411 542
525 691
945 951
947 951
15 549
368 657
438 468
183 275
38 420
577 761
652 672
616 769
82 975
66 949
429 601
30 695
263 678
397 624
35 245
199 292
610 653
311 597
402 637
510 676
44 816
595 960
226 642
906 957
577 618
266 476
52 631
275 947
20 35
132 1000
648 716
167 475
387 394
796 886
85 515
196 538
624 640
490 942
287 952
237 840
73 959
111 211
115 161
370 478
334 648
151 807
299 429
722 801
629 807
423 514
545 675
247 645
84 620
32 602
860 951
256 813
366 391
226 554
423 836
575 859
396 426
469 876
330 418
538 696
828 978
135 847
361 949
51 871
803 843
574 906
21 778
152 482
243 662
335 457
523 632
672 776
30 391
215 921
199 500
934 967
188 253
102 351
543 719
751 936
328 957
39 476
157 326
565 633
787 925
536 806
205 559
403 497
538 643
24 592
367 544
282 863
264 510
64 774
118 516
28 820
10 120
514 985
325 795
470 701
511 661
842 876
827 934
496 726
494 524
244 796
27 203
283 680
525 873
249 898
139 472
34 155
175 805
199 532
221 689
438 884
517 809
848 965
23 383
425 623
407 715
467 826
411 658
216 901
429 580
51 110
482 520
434 743
660 871
256 613
2 556
477 856
3 326
166 365
522 832
41 543
22 957
192 413
234 453
783 909
382 975
697 913
381 861
221 339
235 906
387 948
685 698
372 587
709 851
229 307
410 936
31 950
639 662
179 396
344 770
156 546
164 600
52 329
241 749
272 500
632 884
562 631
66 870
563 604
254 404
53 983
576 935
425 925
356 739
88 524
162 645
217 355
398 407
181 781
401 782
417 576
534 771
470 769
441 688
442 696
6 530
317 349
579 717
229 561
214 282
289 526
105 739
253 821
933 947
732 790
718 876
312 835
69 359
59 555
45 766
211 852
506 588
545 734
52 336
109 172
473 683
59 302
264 864
88 985
109 829
293 763
25 483
405 749
98 804
561 591
230 595
411 864
389 611
105 942
108 686
517 721
2 392
75 649
536 752
42 76
115 475
663 951
264 521
689 706
134 628
228 279
278 293
1 139
404 816
668 754
47 802
67 237
344 784
108 332
329 521
435 507
243 995
101 672
709 982
213 332
486 593
491 816
453 574
36 93
220 900
259 483
385 761
26 87
506 892
412 643
213 872
513 741
145 504
71 709
221 834
220 718
627 707
757 875
184 919
149 326
509 887
501 903
62 583
407 920
118 959
763 893
157 219
217 624
566 610
309 597
290 508
239 857
294 476
115 337
226 811
423 583
665 851
246 430
745 828
101 856
403 817
124 596
87 143
897 970
625 973
774 847
376 861
68 115
401 864
515 682
40 757
535 695
55 962
185 492
683 992
168 681
725 746
372 838
264 306
360 433
68 898
305 496
782 980
275 885
437 889
6 72
445 744
480 634
281 946
464 740
210 537
910 914
118 461
17 191
236 453
515 840
421 725
135 619
372 687
709 823
178 897
341 467
605 870
160 983
695 944
163 716
328 525
205 995
22 187
183 895
316 348
635 908
10 300
634 636
49 383
66 385
23 669
765 844
179 972
551 639
474 964
40 764
972 989
256 425
82 919
377 605
212 471
30 58
329 706
185 760
406 590
79 220
208 833
409 960
227 690
317 812
150 755
160 639
692 968
343 812
106 577
507 642
381 890
745 814
338 364
249 388
137 974
359 635
729 824
658 955
276 828
650 891
134 891
304 435
88 576
583 936
34 177
141 747
128 182
664 872
536 605
591 642
153 178
502 783
429 922
124 245
588 849
534 806
739 816
333 468
116 996
7 328
353 843
171 562
335 847
317 805
31 70
417 931
396 705
489 750
640 757
380 612
749 813
89 203
180 780
573 970
403 836
242 475
601 749
212 842
319 475
285 589
289 668
273 909
112 376
148 209
187 374
225 482
522 584
208 614
351 683
139 804
501 692
106 657
513 848
346 899
348 630
76 595
535 706
332 933
166 756
389 576
444 827
142 983
325 834
217 329
753 783
40 633
126 248
723 979
78 741
286 695
197 280
416 940
731 880
454 820
53 425
40 93
149 613
184 749
102 613
582 787
344 446
252 543
182 930
548 647
34 797
590 837
368 639
385 685
773 817
351 656
82 420
575 816
704 909
669 736
31 731
947 962
1 796
295 669
120 532
154 600
27 663
12 193
692 822
68 297
213 789
217 338
289 588
453 684
147 273
510 599
38 352
437 861
380 381
383 656
335 486
282 331
711 753
303 772
490 832
676 959
515 932
218 499
865 884
241 367
495 748
538 629
560 848
206 671
631 720
261 575
152 925
29 126
339 391
175 318
286 713
602 982
218 610
845 945
276 412
207 935
740 888
580 725
653 724
139 850
431 880
947 971
33 673
401 837
76 577
130 252
4 819
354 424
48 482
447 559
213 483
567 675
397 732
36 825
628 947
681 767
240 980
242 373
79 176
562 980
228 235
815 847
137 921
502 899
136 804
432 912
180 793
288 570
276 891
110 606
356 778
384 851
424 768
148 383
98 321
232 424
249 987
105 836
624 756
144 596
715 722
570 646
435 554
148 238
276 411
222 998
207 940
116 218
23 243
152 787
220 966
191 199
166 197
693 923
250 503
361 642
107 418
398 423
91 851
365 411
365 998
222 625
61 695
591 870
25 782
137 708
216 384
197 520
626 938
98 489
333 504
118 315
248 454
65 272
619 841
467 625
7 710
156 713
90 223
452 474
382 817
162 224
680 979
148 262
41 722
635 969
65 94
377 809
799 927
356 587
83 714
125 444
489 603
682 906
348 784
244 756
6 255
333 869
354 459
228 496
780 978
341 644
565 991
32 331
180 518
71 177
290 527
71 764
36 149
75 178
203 818
439 551
596 827
44 835
192 513
120 990
245 313
779 816
583 719
710 989
105 532
306 399
513 557
568 838
433 809
348 713
24 815
542 554
389 890
7 421
357 800
284 667
175 356
318 970
335 509
454 485
293 414
78 880
580 691
652 731
120 188
780 890
229 817
268 716
512 760
432 541
395 476
509 982
218 936
19 825
184 888
131 787
614 909
204 958
500 655
376 480
376 917
488 762
11 140
107 999
623 653
292 297
240 575
831 851
260 783
245 258
263 825
466 634
289 915
453 640
312 364
2 911
594 744
3 945
439 685
387 603
154 441
9 268
212 781
176 998
65 191
558 951
197 816
396 667
128 398
847 992
295 487
560 892
814 833
136 531
304 928
157 450
162 440
184 895
19 830
202 937
170 741
298 446
24 287
523 811
136 994
728 892
379 920
216 945
333 791
508 764
260 700
384 582
761 782
707 710
174 852
728 747
174 265
565 743
450 987
108 790
823 851
790 889
224 469
497 777
149 538
596 696
424 877
149 384
242 409
671 944
105 663
343 980
92 879
290 310
165 768
539 869
437 624
258 792
64 445
317 965
727 946
232 388
124 658
359 643
236 667
239 532
754 856
133 594
460 518
478 957
324 920
310 874
721 849
633 663
318 673
337 531
541 967
245 847
103 218
840 855
157 253
108 167
346 739
20 766
169 663
405 743
632 760
120 685
334 474
230 845
46 334
389 853
174 533
90 179
416 989
242 653
477 700
792 989
80 799
318 387
193 237
563 593
217 231
291 306
311 565
662 978
75 193
439 922
866 889
759 769
338 629
63 469
248 523
48 626
486 517
12 584
378 591
106 162
513 664
551 565
163 441
147 467
572 971
181 335
22 955
269 684
480 600
577 635
374 947
12 735
200 327
458 855
703 863
480 567
99 494
245 654
526 764
283 314
817 915
565 794
105 641
376 648
767 777
161 663
16 868
346 669
218 797
293 434
4 750
71 774
298 626
499 728
278 676
440 624
407 853
439 866
819 960
450 719
124 172
74 918
32 617
347 438
24 553
132 330
331 336
460 564
230 934
529 864
12 908
345 550
515 734
753 895
192 414
265 947
512 957
488 613
379 796
569 828
72 313
89 778
510 623
367 665
426 679
279 637
49 148
368 500
60 877
665 693
596 911
130 386
188 569
152 981
335 954
153 406
121 522
600 926
541 688
108 545
144 933
492 827
346 353
364 461
5 205
478 605
6 286
830 893
392 585
673 968
530 979
214 424
32 810
503 591
517 727
256 637
534 735
39 418
57 790
24 607
94 487
22 510
302 752
546 764
88 241
89 344
509 725
348 675
129 943
131 392
130 929
385 904
771 949
387 956
149 420
429 659
319 441
380 697
87 248
291 718
200 452
642 743
74 706
328 537
72 549
153 804
206 734
100 101
669 777
799 878
104 683
677 755
474 1000
456 926
418 502
386 889
556 816
298 759
939 978
263 642
359 873
782 971
213 878
286 411
736 821
644 1000
699 728
627 816
739 791
960 984
6 522
522 883
101 408
523 534
800 881
466 592
840 883
563 655
482 650
16 826
222 306
22 352
557 811
298 354
100 810
928 955
48 837
89 722
73 835
420 977
188 341
26 959
6 377
23 195
139 827
672 735
379 965
108 535
269 895
237 618
570 780
401 433
112 428
42 421
80 240
5 650
260 646
26 84
88 539
602 726
620 729
14 376
107 950
290 394
311 963
511 571
536 760
93 908
440 814
320 446
653 927
176 365
750 790
163 633
383 583
187 846
497 807
294 477
775 859
11 445
412 930
14 33
608 613
515 979
326 685
755 813
534 971
573 612
171 793
9 172
618 744
184 816
169 918
385 753
811 924
204 966
320 518
600 685
302 335
105 580
270 579
489 933
382 921
384 413
274 865
259 677
407 485
318 335
194 402
431 948
362 934
676 900
237 901
487 856
438 526
517 595
384 881
96 587
499 524
942 981
444 704
652 779
528 718
636 679
342 448
109 331
420 967
458 709
662 793
385 601
408 903
117 246
191 624
214 581
654 998
732 981
801 975
163 498
308 700
69 568
476 558
350 990
521 703
188 474
647 758
409 483
193 372
374 437
196 957
378 952
567 773
87 784
382 896
418 796
38 742
312 444
110 261
666 701
170 499
117 477
7 338
65 207
299 864
423 999
448 619
379 817
31 525
579 853
90 241
128 873
185 616
368 440
331 595
166 528
575 956
371 712
246 441
541 764
835 963
657 924
638 654
30 942
676 786
254 297
219 658
346 579
469 705
574 662
170 216
150 425
462 495
138 826
361 850
765 836
108 636
52 785
146 916
450 549
384 508
474 972
510 876
403 434
648 995
165 681
59 865
261 485
375 971
484 783
32 408
231 615
641 644
234 409
201 842
381 641
328 862
771 777
365 914
311 405
564 625
46 279
853 909
412 594
714 767
292 486
77 974
369 669
166 523
388 452
27 268
119 776
209 222
704 792
448 657
95 499
103 830
470 594
253 535
473 655
326 662
93 697
576 611
390 558
304 870
15 610
751 995
718 953
555 617
239 597
261 787
176 186
391 863
378 970
433 471
293 989
311 402
93 912
202 681
111 497
501 922
357 779
802 904
214 652
163 222
113 674
153 865
7 924
317 942
84 911
780 855
729 777
105 857
18 503
36 423
147 233
511 829
737 867
295 783
560 740
556 891
351 659
134 874
300 492
249 262
177 383
286 598
205 542
59 895
760 992
81 219
9 89
135 887
526 982
764 952
160 534
265 423
431 987
452 905
235 267
1 652
53 256
94 436
76 474
61 789
667 934
225 273
320 401
83 175
709 724
154 799
192 454
750 821
269 488
34 623
169 172
385 564
189 518
387 911
575 939
961 963
229 330
155 449
186 729
68 200
30 462
448 826
162 1000
224 273
295 772
225 499
244 265
136 967
49 983
211 576
68 386
301 499
360 656
14 439
159 288
492 771
532 560
2 455
696 789
452 865
497 915
555 912
14 1000
458 959
280 658
120 977
355 960
231 967
324 368
590 698
644 953
224 458
385 412
132 152
576 682
119 429
407 632
11 947
488 932
452 476
53 885
477 606
42 775
520 651
408 560
23 584
461 975
282 604
127 985
146 255
94 217
166 250
831 991
707 920
12 97
342 539
71 187
588 999
109 441
165 487
202 371
352 519
115 485
116 842
615 965
599 783
31 148
51 448
514 549
362 566
628 955
167 596
95 907
41 576
206 895
264 706
64 751
427 453
653 942
215 328
197 845
220 482
611 828
386 396
6 877
498 594
632 844
467 938
726 938
448 765
339 554
31 458
235 653
485 808
56 211
36 476
256 277
644 710
205 952
294 774
476 657
315 655
387 778
229 461
214 974
158 412
827 869
256 969
184 993
496 915
544 802
300 803
172 744
341 628
674 870
72 834
324 819
567 895
453 646
534 657
165 908
495 511
685 859
758 974
372 618
301 316
504 824
174 954
392 841
485 704
531 653
671 973
156 705
456 699
271 325
277 435
388 874
498 589
245 495
85 949
323 992
178 408
130 746
475 656
58 706
719 838
25 315
133 501
155 542
464 980
84 357
234 348
549 829
347 897
384 576
206 357
189 499
154 279
10 560
264 459
321 750
345 634
863 920
807 959
493 925
149 971
439 684
75 500
521 900
55 719
117 396
554 788
30 411
177 581
692 954
126 474
566 919
436 982
309 661
720 740
368 457
745 764
709 782
467 952
195 956
16 58
767 994
287 834
471 795
661 839
719 847
171 240
463 470
140 398
469 865
271 766
148 574
519 601
244 618
427 513
264 616
445 866
725 895
190 624
88 673
512 937
337 387
416 541
703 808
460 750
150 375
649 993
709 870
619 831
395 937
86 826
512 600
363 438
34 961
89 748
179 878
455 478
474 866
134 364
870 972
229 407
193 606
104 474
714 927
141 673
163 652
19 403
458 516
96 761
371 391
6 225
117 183
45 261
60 236
41 531
118 515
233 910
289 633
72 268
290 479
166 448
116 989
375 757
141 585
363 431
454 890
185 937
3 975
122 513
191 553
506 672
638 713
162 542
468 930
401 897
91 774
491 669
183 948
365 817
378 733
278 423
153 193
121 181
89 476
329 826
516 969
609 822
483 618
464 840
357 397
17 834
217 973
678 834
36 281
93 365
220 667
424 860
21 358
496 782
236 945
302 925
