1000 10000
307 521
626 857
256 345
85 388
138 789
104 115
346 976
111 336
171 231
355 898
467 828
247 400
360 812
34 693
381 746
511 527
191 377
29 334
406 536
133 304
122 861
622 934
477 653
78 852
429 554
321 929
194 337
263 962
195 920
217 240
680 760
181 597
22 987
294 860
80 584
766 892
195 809
640 938
58 807
661 972
653 876
247 581
339 818
640 857
1 717
697 920
519 775
404 766
391 400
193 393
411 510
175 265
503 876
112 295
221 475
61 370
524 878
448 889
106 781
175 510
123 953
70 224
344 954
697 890
348 962
6 632
157 740
33 830
88 447
325 446
219 599
235 304
20 556
405 502
488 596
399 712
148 328
775 861
478 871
483 859
172 438
211 296
50 598
125 498
716 827
346 449
271 514
244 343
160 756
33 378
626 923
475 909
828 911
116 905
135 369
154 746
530 853
694 992
396 867
54 323
629 725
502 529
375 797
638 669
180 285
91 202
55 943
223 473
281 662
530 631
129 602
132 303
320 519
450 918
638 639
142 960
419 945
114 267
259 676
632 692
7 750
368 386
536 954
5 473
88 769
382 679
311 761
557 941
632 914
302 484
35 747
113 291
153 628
299 978
670 743
545 926
485 995
218 686
438 663
292 361
294 715
169 482
351 910
154 342
558 900
524 556
196 973
17 182
295 907
131 954
465 996
504 894
835 962
361 539
265 800
148 671
314 643
288 766
879 942
20 593
40 399
3 261
336 998
412 855
452 900
184 942
297 753
101 443
482 687
291 495
336 516
79 340
854 858
393 579
409 745
422 545
65 740
253 276
20 235
114 250
95 593
349 865
388 887
189 524
752 888
548 641
198 858
682 927
539 826
243 403
461 504
119 252
570 808
535 814
207 841
372 932
69 872
146 483
129 727
5 428
43 873
208 808
265 311
194 503
319 716
269 487
34 620
256 734
494 610
186 787
579 984
389 926
450 668
308 738
352 914
117 670
305 556
624 846
352 513
207 397
464 895
249 255
144 893
37 206
60 161
778 800
545 555
340 401
878 913
348 868
454 489
683 741
369 647
641 965
623 967
224 297
495 612
116 367
139 272
602 846
149 855
131 692
295 653
150 240
3 353
390 675
83 207
693 778
92 391
131 709
706 851
654 691
434 558
309 642
749 783
720 759
776 797
483 659
729 867
346 441
110 470
292 551
301 943
345 711
272 699
458 942
238 378
510 511
371 919
306 982
200 301
113 764
78 274
6 31
501 893
445 533
341 996
487 874
4 756
629 653
12 795
808 918
366 504
367 929
372 777
484 835
531 874
381 709
682 770
94 518
403 479
155 654
372 952
713 988
458 501
21 773
613 891
394 649
252 709
717 909
386 745
313 575
459 997
134 703
708 720
468 925
433 514
89 416
108 388
543 785
178 839
104 468
683 914
27 150
142 325
496 509
373 905
156 673
41 231
429 888
287 366
239 673
554 943
827 941
740 950
689 908
597 779
546 783
732 998
224 309
370 867
83 122
328 371
71 741
435 697
754 937
278 833
45 970
102 133
214 835
512 929
325 362
1 172
20 760
202 743
132 978
3 490
611 641
266 792
488 904
755 842
315 317
79 268
297 858
104 696
211 764
28 990
802 809
401 896
318 735
120 322
10 148
159 501
197 578
42 517
388 553
171 427
890 961
410 829
216 816
46 921
587 867
453 889
169 670
24 183
206 675
280 289
975 996
160 951
789 864
371 657
301 710
86 932
17 611
481 894
354 484
651 720
364 717
790 913
293 327
609 846
347 569
179 352
271 304
437 728
207 694
243 873
139 958
49 828
619 734
375 380
216 283
1 945
244 681
669 782
688 697
88 981
433 558
895 970
56 307
61 62
298 400
230 607
527 769
86 467
40 231
57 719
38 342
27 995
118 928
123 602
770 905
257 634
597 958
504 867
913 919
71 427
168 218
336 876
232 813
196 648
163 449
184 804
25 480
317 600
286 409
213 679
58 344
295 597
116 470
81 585
387 534
279 540
136 790
693 834
430 920
568 889
292 921
119 806
693 755
430 523
392 746
48 124
157 438
621 881
506 776
399 489
612 628
354 836
7 148
45 353
135 483
46 586
159 489
275 292
208 257
108 874
376 678
254 651
170 212
703 962
315 773
526 585
213 338
358 933
38 807
544 696
462 967
281 774
468 640
158 476
553 574
18 179
364 817
539 639
540 812
83 811
190 973
265 282
105 731
548 979
713 916
57 920
9 797
65 101
88 770
450 697
695 909
373 815
669 786
249 369
450 552
108 460
37 88
438 741
64 170
37 41
735 902
528 680
18 646
398 602
593 890
153 917
45 735
102 400
636 696
37 267
93 243
314 640
112 324
465 628
671 716
555 943
594 971
131 859
701 869
187 483
357 959
121 363
178 290
272 291
310 495
295 633
258 330
14 823
46 644
215 279
841 860
336 660
279 774
85 775
500 687
68 107
850 933
617 950
284 515
466 922
419 528
115 385
668 697
635 694
121 784
397 877
180 323
306 898
312 315
133 947
501 777
484 985
263 560
656 916
132 381
691 998
194 210
303 500
123 248
17 555
481 934
540 641
246 742
122 944
798 857
514 996
660 794
200 718
226 850
423 908
9 936
493 840
296 412
204 829
117 748
423 541
687 688
138 671
109 888
695 913
627 967
352 915
94 212
359 752
325 928
35 646
610 814
335 379
245 249
429 898
230 615
378 986
640 915
558 929
465 950
619 853
839 840
112 273
120 764
637 809
283 754
520 967
353 906
425 517
45 852
926 999
412 773
474 942
97 397
6 577
465 737
448 977
435 717
202 704
516 546
497 720
429 471
418 936
59 934
520 692
25 250
116 189
598 989
162 421
453 610
438 478
349 561
388 679
171 305
393 719
449 951
124 759
768 781
281 386
376 512
587 838
289 927
142 637
424 866
479 900
180 295
272 858
556 970
479 789
501 749
526 662
30 289
591 704
225 975
355 872
52 136
276 592
173 908
194 425
929 954
604 764
471 567
695 727
424 702
317 429
27 331
131 313
756 854
70 830
416 817
19 396
334 835
79 516
830 836
840 964
286 998
736 789
787 915
757 897
294 641
633 659
406 463
614 778
230 515
265 925
288 490
92 544
757 818
350 376
633 892
386 955
653 983
818 918
92 727
58 611
317 962
16 51
143 890
644 701
187 442
5 869
396 422
54 654
112 539
40 328
370 755
188 960
594 802
421 838
318 994
763 973
413 982
175 683
470 553
181 426
435 854
629 812
279 729
626 738
862 930
8 831
67 476
785 845
237 532
453 727
419 603
59 672
133 745
703 715
725 783
12 730
15 725
271 895
203 541
8 541
466 757
342 416
87 231
369 454
406 845
794 983
685 718
156 316
29 42
18 317
290 694
424 636
189 277
714 724
363 526
151 985
657 956
583 826
468 835
131 277
39 644
4 45
795 810
460 479
809 922
99 246
445 478
585 675
485 973
394 908
507 525
455 741
19 537
118 929
9 595
361 940
35 559
416 571
179 223
11 566
46 173
196 634
286 764
452 652
305 853
37 278
443 963
300 863
931 967
365 939
188 996
137 846
559 727
671 777
286 297
179 667
2 864
422 857
520 765
262 310
101 278
390 507
159 202
90 601
287 897
73 269
236 815
289 756
112 741
276 502
608 918
542 905
103 473
90 968
271 701
552 701
383 953
96 361
315 713
387 836
617 985
542 792
577 798
86 628
436 867
38 747
160 613
233 849
57 483
3 901
501 820
725 916
691 796
656 937
539 848
424 969
39 100
868 908
856 972
229 886
32 286
69 993
17 590
273 740
403 425
647 762
171 197
215 660
18 176
143 427
330 622
536 781
55 847
739 774
384 522
686 983
263 770
490 872
514 944
416 923
536 956
70 759
145 204
312 715
406 661
316 787
891 929
395 644
325 971
680 726
27 81
123 648
251 447
144 787
378 967
127 192
614 722
482 873
818 975
250 253
182 622
183 707
58 936
316 480
378 665
236 335
1 600
202 459
301 389
266 620
116 388
615 930
67 600
121 362
88 413
165 551
427 576
620 907
15 841
287 980
14 820
435 865
241 814
625 795
422 837
45 162
327 824
573 652
281 308
214 618
180 558
716 936
293 841
20 919
63 851
500 735
198 958
73 523
242 946
544 904
402 706
312 316
204 378
94 782
863 969
43 60
389 472
526 699
618 696
11 474
691 888
324 547
204 457
9 205
228 455
191 221
158 430
234 816
705 709
252 332
498 972
8 386
523 549
29 308
178 974
543 942
159 913
226 962
744 795
230 826
108 418
130 540
187 981
687 800
338 667
217 302
5 733
174 828
395 561
236 397
438 625
187 691
247 527
188 223
615 736
141 239
567 605
343 957
23 783
482 623
496 927
119 971
379 870
125 342
345 954
129 393
167 593
497 727
667 905
63 512
44 284
616 975
118 597
10 412
767 872
42 781
629 855
719 981
244 491
50 540
237 670
1 96
275 641
8 772
208 428
297 909
483 738
102 840
620 653
368 802
57 313
2 586
186 415
850 902
284 608
16 690
172 813
176 296
924 935
686 706
264 859
51 565
246 592
138 975
293 673
99 366
338 970
296 490
96 972
528 821
618 961
144 558
35 839
165 200
661 723
352 961
131 312
442 847
173 685
190 789
799 905
246 493
134 701
657 864
515 606
100 610
134 844
395 716
628 876
493 589
174 856
106 626
362 408
127 152
308 998
338 417
447 769
407 978
546 922
59 281
151 489
11 666
490 503
611 933
461 566
353 917
5 868
801 909
141 356
396 423
572 968
405 479
597 619
27 581
250 646
92 101
202 741
167 629
3 492
319 398
34 298
367 402
379 608
186 448
45 379
67 479
234 436
552 593
38 716
11 260
384 914
114 177
919 930
405 516
337 982
200 474
60 850
26 942
8 749
354 627
621 719
161 465
513 868
510 842
423 881
209 429
88 522
158 486
252 261
111 450
178 519
838 995
394 728
489 862
56 471
298 380
523 621
49 818
134 526
144 522
1 951
271 419
256 664
722 775
136 510
252 602
127 350
588 988
199 957
19 427
627 958
57 604
477 827
614 932
333 823
62 463
230 605
360 747
35 577
40 233
442 581
95 269
16 370
236 469
594 707
614 646
351 548
265 777
303 705
412 991
396 500
434 771
89 638
801 824
240 766
644 658
277 343
353 945
62 779
102 212
452 931
317 711
512 911
197 881
608 824
97 293
137 990
231 662
417 446
73 268
367 438
276 503
426 548
186 484
78 174
150 523
194 955
431 826
203 683
385 442
96 473
315 569
128 452
220 634
194 861
525 823
510 791
21 744
170 210
119 277
195 317
233 626
967 971
75 339
574 891
423 789
281 772
104 225
485 556
177 875
19 120
610 695
80 378
467 586
639 800
215 516
627 636
494 581
282 637
32 108
450 695
325 569
69 659
277 838
518 652
852 974
523 742
47 172
361 877
322 509
360 696
285 743
415 584
255 265
398 830
649 860
778 952
469 491
164 351
165 994
305 743
274 538
166 532
222 892
334 602
297 331
135 607
145 271
644 743
300 941
658 967
384 496
37 410
40 370
314 881
366 730
594 969
224 255
282 467
46 424
603 957
33 991
468 506
16 139
383 745
37 619
44 313
318 808
559 746
478 695
163 221
702 946
97 321
477 485
318 955
46 650
598 951
49 166
106 401
327 827
54 913
491 713
127 613
538 802
298 591
121 564
67 262
517 680
366 790
572 581
318 661
392 535
33 283
57 397
185 192
497 886
335 654
444 935
531 629
586 712
162 208
237 876
825 912
54 290
57 510
42 362
556 992
441 927
561 958
103 819
413 449
5 247
479 832
280 394
583 590
88 595
378 437
33 214
324 947
458 589
498 890
463 764
372 935
851 962
708 985
605 931
164 703
240 269
406 596
53 445
312 889
773 916
114 701
61 898
282 593
17 484
346 600
476 671
274 461
899 962
247 1000
610 812
277 715
762 979
118 127
504 959
235 945
142 287
415 701
917 923
558 935
140 196
16 442
257 928
210 640
191 967
322 786
679 882
115 517
371 431
23 782
67 934
50 168
3 354
461 738
560 613
615 961
11 863
413 607
106 211
127 827
292 844
335 814
448 578
853 941
659 776
469 948
145 934
29 512
581 979
672 849
598 979
272 559
354 923
426 508
707 901
31 327
383 880
132 686
261 462
155 839
228 823
906 949
634 798
600 866
335 765
416 425
287 638
401 699
586 669
115 415
315 609
321 492
411 622
121 818
565 769
90 163
200 447
552 916
272 860
439 704
738 931
8 754
663 864
377 821
29 68
163 642
428 742
358 867
381 706
221 877
111 425
630 715
132 226
114 511
686 925
308 419
226 884
338 858
528 822
139 919
69 730
583 848
71 124
237 404
130 590
442 844
386 740
259 415
31 675
106 736
51 97
485 983
305 589
369 582
425 820
731 816
145 437
239 829
387 496
649 997
727 984
269 972
792 987
518 769
170 915
248 335
122 360
303 669
533 752
550 694
202 256
370 670
260 672
102 297
177 198
452 840
269 686
115 910
97 431
135 837
620 957
470 700
399 752
112 620
167 628
63 551
487 711
67 305
339 436
358 368
340 987
214 544
145 787
37 773
93 765
410 649
638 907
620 754
124 277
90 869
371 884
100 286
318 685
176 326
569 753
54 379
439 695
321 456
272 952
111 239
6 393
150 825
172 929
690 802
54 389
186 517
425 459
299 302
172 560
855 877
713 876
238 849
242 300
5 80
243 765
118 507
60 544
522 733
618 802
322 359
804 935
460 473
762 809
675 850
40 859
830 870
423 692
628 833
402 497
353 357
649 944
101 975
248 397
334 972
356 888
257 639
19 648
115 735
165 862
576 859
352 699
546 959
250 342
451 673
378 643
515 1000
93 236
202 469
404 617
210 840
28 633
486 997
182 418
697 894
537 721
63 714
335 881
266 936
162 265
7 499
323 806
72 230
676 994
663 740
3 600
814 880
279 767
181 317
552 703
368 796
401 865
458 914
43 308
444 813
431 965
33 382
492 693
552 590
129 771
298 650
760 817
318 329
393 918
587 768
328 701
350 702
190 263
525 822
217 747
643 899
367 885
461 464
229 884
33 201
76 233
885 921
155 730
17 733
346 803
203 246
347 518
539 624
666 885
683 817
403 649
170 388
208 735
556 577
173 867
583 792
507 973
382 683
18 80
632 918
726 992
70 772
507 954
311 618
576 921
114 632
140 338
585 605
195 777
144 789
86 498
566 776
588 848
92 635
407 932
434 962
89 703
456 662
22 197
369 671
28 558
670 901
16 494
770 795
25 336
79 909
10 644
69 103
70 192
465 762
706 984
412 851
783 844
399 699
185 523
75 683
802 906
358 478
258 760
187 194
222 697
166 977
559 602
693 724
140 756
289 662
343 479
106 414
272 452
550 811
124 639
572 727
37 844
629 994
211 697
11 97
141 798
436 722
93 549
354 871
190 449
391 858
341 603
46 613
161 205
72 480
146 539
56 997
21 297
404 423
190 336
82 713
176 270
195 506
108 841
785 932
402 704
479 818
12 883
233 732
509 631
402 851
481 842
686 791
27 499
411 848
386 622
424 709
132 158
80 359
208 812
192 673
632 724
464 710
543 936
433 649
198 395
308 383
493 837
131 478
518 734
42 175
170 376
795 871
562 934
265 644
514 773
762 865
248 743
446 596
144 994
142 365
143 732
60 206
169 433
580 917
389 700
446 551
412 755
523 995
585 970
503 675
496 691
166 561
374 692
675 729
250 398
486 978
344 967
550 651
364 506
170 847
488 754
379 907
692 712
166 787
49 487
162 734
101 475
270 872
387 992
306 752
223 857
43 495
409 713
600 756
140 623
380 868
509 840
772 840
629 631
388 561
850 900
82 282
375 931
564 682
284 610
52 454
531 547
287 633
129 843
42 700
206 843
561 840
107 770
110 167
453 786
349 833
134 375
708 792
432 531
418 474
203 848
609 949
77 887
264 812
798 809
397 624
696 815
531 878
61 707
85 205
234 933
709 888
268 626
75 120
313 579
189 208
27 253
545 888
437 994
41 457
95 154
66 908
89 469
736 808
148 910
2 420
610 817
537 809
277 750
264 503
197 327
415 656
217 441
184 558
594 733
593 822
350 383
232 934
139 594
328 409
934 967
370 780
870 961
466 507
328 488
26 115
279 391
503 933
418 745
805 971
102 185
417 551
366 514
457 806
560 913
775 884
824 870
806 906
111 810
239 353
336 704
466 831
380 793
306 660
162 452
733 795
521 667
719 856
152 210
25 836
656 674
772 812
310 871
167 810
115 461
445 708
318 338
409 598
11 262
362 542
829 830
538 573
480 973
561 884
47 737
324 726
4 724
691 946
301 706
56 251
128 280
445 791
468 616
216 449
531 906
137 175
216 368
587 675
476 802
22 754
388 504
282 615
507 800
255 646
277 800
244 693
155 396
299 604
397 455
680 765
571 772
187 543
830 871
714 772
17 60
36 744
218 727
257 717
365 612
782 885
770 901
201 824
266 740
191 905
718 742
311 340
221 470
408 621
151 271
120 823
527 592
44 448
23 817
870 892
98 754
45 921
620 787
107 352
589 732
118 608
474 532
382 437
516 741
222 706
210 250
234 244
841 932
401 983
400 558
96 253
229 447
470 955
564 755
72 453
100 307
147 354
59 574
209 237
530 737
432 588
177 911
419 854
21 758
116 692
972 989
739 954
351 416
81 324
302 668
265 397
33 185
256 600
8 489
632 697
194 492
450 770
855 993
773 958
481 632
522 766
377 703
221 630
666 997
8 199
66 837
286 914
108 456
2 509
75 145
257 696
294 893
633 735
683 990
338 581
87 814
623 712
503 734
442 470
723 955
378 676
343 922
679 840
131 974
151 275
214 941
70 193
533 567
20 606
202 345
295 740
707 764
440 969
93 913
496 965
6 1000
72 180
272 438
110 588
148 361
612 822
611 733
157 485
410 556
654 843
34 336
664 967
37 843
43 386
158 977
479 543
635 733
447 509
160 533
676 741
241 414
134 249
237 874
932 990
539 896
259 856
815 823
381 587
256 262
94 668
4 684
481 841
578 729
280 396
713 858
130 838
402 995
648 919
591 665
173 932
178 634
215 693
199 208
83 971
137 231
851 949
172 648
543 939
51 361
312 891
795 870
117 744
134 724
195 966
415 921
170 264
504 594
451 973
288 339
511 945
576 998
169 432
247 923
178 190
213 807
218 655
221 380
425 879
283 345
568 761
37 346
365 701
257 934
792 961
139 390
953 990
239 761
331 706
478 631
832 941
80 962
266 527
361 651
303 616
127 852
537 648
505 676
452 997
427 673
45 114
101 474
121 500
429 467
379 744
249 687
201 268
171 676
559 633
854 891
319 484
413 895
512 760
634 941
492 879
309 431
113 614
54 226
21 475
314 343
81 192
393 860
410 802
125 151
315 611
246 949
171 467
194 784
466 525
397 909
487 865
72 364
262 825
263 528
363 760
327 349
484 840
285 873
203 800
39 446
104 315
252 339
142 957
535 958
170 458
389 876
339 593
212 705
105 663
35 840
145 248
632 864
35 729
252 561
709 921
636 943
191 694
765 781
95 298
518 997
465 773
213 827
18 699
139 597
140 234
253 623
421 671
585 886
469 643
418 631
179 997
398 641
295 735
117 177
139 307
177 196
141 353
749 972
59 248
577 635
245 285
67 533
214 836
875 890
140 863
382 414
572 954
387 590
7 393
279 612
289 748
767 777
8 852
461 998
50 575
162 453
366 861
2 698
223 700
172 238
711 923
620 748
312 409
419 607
64 798
160 605
103 663
234 450
259 771
59 533
777 962
100 495
15 326
716 721
77 905
161 470
449 467
543 589
29 215
674 812
34 719
74 992
130 782
192 635
744 952
686 959
229 560
69 811
933 946
18 219
230 886
229 641
614 968
891 921
30 989
311 512
347 843
131 166
888 897
562 766
231 489
624 907
576 814
558 626
406 495
528 577
145 407
148 786
26 178
460 776
597 953
637 892
84 108
265 782
178 473
148 641
455 519
425 560
316 335
157 845
176 762
50 159
107 466
239 561
939 971
245 320
286 386
111 619
24 685
22 392
23 929
353 807
979 983
672 957
487 660
542 610
337 363
125 396
767 813
346 459
197 783
72 232
440 524
607 820
521 805
667 739
449 962
431 854
110 403
183 349
168 682
719 831
349 629
353 626
626 917
368 877
186 338
210 428
752 963
15 309
293 947
294 468
7 945
601 738
411 552
33 94
551 820
203 906
204 417
21 757
656 828
587 608
398 449
534 957
351 419
647 758
173 959
262 656
17 723
114 261
223 229
406 591
242 334
317 352
80 381
389 787
229 596
640 767
125 643
194 284
198 316
397 409
536 559
316 815
486 635
123 287
821 978
622 823
207 439
390 893
136 364
523 872
726 849
787 975
457 464
792 887
575 596
778 822
429 810
69 323
537 913
22 219
459 543
792 998
207 213
614 673
101 882
139 413
196 602
287 301
434 851
236 331
93 206
774 817
267 305
68 412
184 965
554 755
244 253
107 335
141 425
128 968
2 977
3 408
211 349
124 522
196 399
239 299
810 955
477 482
31 479
430 552
220 388
629 992
171 712
63 974
462 505
393 726
25 771
707 827
245 920
210 257
626 953
668 694
171 502
281 602
335 651
559 811
357 463
673 872
180 328
648 698
149 467
578 679
87 171
510 822
846 940
156 352
125 581
734 973
514 993
234 847
660 807
91 970
77 691
406 619
463 622
252 703
381 797
442 951
96 915
481 667
167 390
80 488
209 660
32 139
360 520
17 473
532 584
403 532
5 328
895 905
342 539
493 613
312 602
45 540
107 239
325 828
87 973
127 224
348 755
2 369
615 655
9 623
156 714
248 310
28 524
304 504
286 568
178 481
641 991
822 926
418 592
288 673
197 387
650 775
5 780
101 743
649 680
157 821
508 751
567 974
880 922
98 699
154 249
67 568
720 862
793 934
296 650
162 335
107 696
244 503
945 956
103 396
733 821
214 394
345 713
113 613
383 893
480 692
445 702
63 883
444 983
371 925
68 987
87 105
220 654
242 978
663 780
262 943
600 788
17 1000
876 961
113 839
517 939
367 830
349 863
85 489
301 732
397 541
534 906
609 971
6 307
229 906
310 709
350 918
630 718
155 644
686 928
531 993
380 409
513 574
352 854
8 418
317 424
657 971
30 599
53 414
131 316
169 241
5 283
255 381
329 507
809 929
787 809
352 948
523 803
717 745
437 785
791 870
649 921
117 493
631 871
5 573
321 760
127 132
495 672
166 448
244 992
460 741
227 754
37 381
97 194
176 735
835 896
446 803
219 723
236 659
866 886
163 440
880 902
20 535
81 615
98 607
872 886
671 784
339 347
323 702
693 872
288 939
382 415
168 401
370 639
323 847
659 809
577 900
483 693
245 574
763 945
177 310
271 676
23 723
392 579
168 862
46 931
301 542
214 257
197 733
492 739
272 812
203 528
238 395
259 770
57 458
458 863
133 869
310 788
320 788
462 723
547 811
694 910
4 726
479 884
247 504
570 891
648 961
208 968
405 738
30 657
233 555
87 448
53 208
259 689
207 783
743 969
472 796
877 899
647 947
155 273
874 923
356 438
216 225
499 882
5 383
27 219
562 620
322 405
605 650
471 820
773 890
5 640
486 559
395 748
584 847
398 977
735 936
184 605
187 654
69 366
640 848
143 903
257 636
735 825
313 936
156 562
213 591
13 407
658 844
623 916
183 875
64 401
62 700
102 377
348 985
679 823
187 477
425 576
14 946
131 754
71 852
516 743
560 959
79 377
211 305
230 255
12 262
345 871
401 981
383 983
759 844
449 961
393 697
67 302
107 529
181 314
56 605
242 824
149 220
387 843
157 289
565 676
102 788
509 782
348 396
573 837
600 861
142 574
509 767
552 960
4 571
258 855
29 920
655 964
4 714
60 882
734 982
471 660
310 530
574 895
21 613
725 753
34 720
790 951
699 750
384 527
132 165
167 268
96 793
118 474
80 382
40 939
476 695
274 485
99 136
134 889
451 979
507 959
239 912
277 691
504 935
545 919
86 497
765 820
239 769
184 633
350 426
408 685
170 564
28 442
179 830
131 931
866 988
403 838
26 151
210 664
27 882
106 985
322 778
399 998
25 341
240 542
149 828
258 469
387 747
300 824
286 511
569 769
270 992
698 999
555 818
897 955
59 912
171 698
237 693
163 174
383 971
573 647
278 621
462 510
120 273
449 941
285 351
68 81
620 678
270 685
16 572
163 831
517 660
572 577
59 894
298 730
685 990
388 600
578 898
200 312
186 375
385 410
333 452
530 688
8 730
704 791
172 981
163 746
402 846
21 520
280 398
134 281
172 612
88 599
358 891
18 382
138 935
87 392
397 730
192 676
190 915
601 776
123 476
216 298
14 157
414 731
678 900
290 989
330 798
131 451
43 767
322 426
38 438
649 787
812 841
947 978
624 837
714 971
473 863
628 789
477 895
409 455
299 823
594 756
26 376
615 654
250 282
213 918
684 773
3 72
170 955
106 829
32 584
503 813
269 821
473 746
537 541
184 883
365 844
331 708
495 621
2 144
10 679
230 458
88 463
749 998
365 989
22 454
228 767
620 853
309 538
182 280
149 961
7 423
163 253
223 821
367 389
449 792
750 958
586 935
77 304
388 685
595 847
462 474
707 905
483 745
516 989
77 129
573 796
116 857
121 837
733 982
592 726
419 562
76 511
96 389
600 789
266 419
163 569
437 442
394 463
17 632
215 885
18 467
56 226
293 731
259 967
385 640
498 779
246 597
531 883
234 785
74 970
476 938
367 543
226 641
463 732
800 848
804 824
570 582
75 492
94 299
765 922
198 261
56 286
813 856
209 768
412 675
86 462
144 961
51 101
130 364
277 747
13 225
89 331
221 350
386 949
387 500
370 779
740 957
407 862
343 604
344 934
533 764
73 168
644 699
230 502
801 896
469 882
128 514
608 674
168 259
116 505
758 952
45 963
488 608
50 987
568 868
70 414
309 638
491 631
50 938
272 496
901 939
295 396
96 212
188 572
444 662
487 592
237 637
141 722
435 973
103 512
271 724
183 488
498 506
815 907
63 150
211 995
565 752
68 824
270 532
57 457
55 722
612 701
206 682
48 260
506 576
547 810
256 337
789 873
354 524
635 997
582 848
223 370
377 582
307 815
108 690
734 906
240 506
700 814
618 927
319 700
485 644
877 898
803 867
424 640
377 672
181 556
221 623
60 403
769 849
131 168
575 685
62 496
429 947
31 643
692 847
765 815
127 298
623 689
351 914
50 443
430 487
365 754
22 829
334 579
154 493
210 693
818 948
451 677
456 717
61 394
101 685
248 367
597 808
118 837
158 572
537 725
112 430
758 789
170 770
62 780
68 457
12 33
527 706
178 313
288 857
664 720
165 525
24 687
280 729
62 927
192 485
158 734
125 281
16 819
14 802
225 355
560 944
396 678
578 780
6 813
505 956
234 258
702 757
250 1000
113 556
422 652
742 837
401 647
453 838
115 347
86 872
682 931
132 384
116 695
924 996
268 832
359 769
198 641
531 826
164 817
678 703
562 860
100 227
747 908
87 487
307 779
40 654
296 423
80 270
319 545
268 565
87 709
352 910
518 641
117 642
249 378
191 635
50 381
322 502
251 452
89 481
528 897
58 848
19 458
493 639
576 925
188 467
463 859
235 968
35 608
292 401
455 711
532 891
239 881
240 817
594 672
277 404
62 718
391 492
374 684
46 211
322 779
253 533
417 785
684 945
300 938
541 868
282 429
49 366
585 780
163 482
58 660
667 818
102 245
193 655
379 848
125 332
35 188
288 869
516 565
231 800
625 797
167 568
25 231
297 778
101 308
138 270
194 758
49 217
512 543
413 920
414 467
646 686
43 391
380 860
312 484
211 554
586 610
863 934
168 791
404 419
559 821
391 743
216 751
432 924
102 640
440 503
25 547
815 816
341 953
158 257
181 928
660 963
129 525
85 324
95 895
411 852
536 879
648 873
212 680
48 953
605 815
566 607
151 799
170 356
26 564
160 434
17 479
473 813
369 972
188 256
28 249
377 457
351 837
282 892
545 946
527 838
518 911
745 871
429 780
247 517
857 881
269 931
580 695
31 889
486 982
72 614
641 989
343 955
143 879
438 917
741 836
740 873
598 667
84 789
249 850
50 165
343 552
325 493
193 762
71 761
421 986
741 981
245 262
12 233
89 810
110 764
37 522
21 149
607 616
559 661
449 878
375 744
357 813
448 583
89 859
606 656
690 759
391 916
33 728
380 753
56 679
92 189
332 620
578 884
405 776
23 713
362 663
91 511
59 669
48 394
55 713
811 887
149 388
422 724
122 650
66 290
212 776
30 409
946 978
747 822
73 779
333 713
639 897
513 643
100 187
255 537
364 880
522 802
100 778
109 196
165 242
683 893
459 925
705 965
338 742
320 357
139 795
213 230
142 162
52 804
161 523
4 199
498 716
282 801
134 838
192 943
636 938
231 454
36 752
278 285
248 630
374 458
122 403
145 424
291 898
313 914
633 773
528 759
321 623
247 745
110 975
680 946
199 650
588 747
6 762
261 951
245 504
156 607
305 947
50 246
396 462
537 760
148 607
314 835
117 190
45 945
239 399
149 883
689 870
83 243
909 921
70 415
201 348
435 814
96 102
569 937
750 1000
223 808
439 895
298 625
390 417
31 401
862 933
229 488
375 530
642 969
772 808
54 205
223 718
634 831
245 862
466 605
177 534
307 739
436 773
76 284
114 171
96 418
133 867
337 968
742 809
180 258
159 531
254 663
592 834
510 765
704 848
635 996
194 226
13 670
68 735
587 633
185 477
169 928
310 564
26 987
647 655
467 711
33 145
34 714
437 703
332 427
80 148
686 962
433 836
360 932
126 987
217 989
678 882
40 546
352 884
591 963
21 801
109 168
346 618
486 594
161 535
38 511
356 662
486 557
394 951
89 309
459 628
614 696
390 950
321 587
370 812
151 267
615 806
68 443
305 991
455 913
404 997
219 942
236 512
590 595
19 986
168 480
318 822
103 240
529 985
89 866
702 920
84 547
292 528
668 911
560 768
120 247
29 707
410 583
12 407
106 310
659 692
345 662
590 924
422 562
432 866
68 910
163 914
272 763
107 817
197 703
76 256
223 435
189 767
262 885
85 574
307 620
15 423
138 830
123 212
124 139
18 280
535 797
419 811
20 318
80 225
333 657
725 767
7 592
47 999
526 960
475 576
419 952
77 652
485 679
161 721
271 284
347 650
442 926
312 867
57 928
61 888
942 995
504 715
545 843
433 753
35 773
218 405
109 140
809 878
38 392
477 744
170 272
27 185
504 570
156 963
69 558
714 981
895 918
515 668
109 797
365 435
627 864
649 838
13 215
765 818
70 904
164 325
62 636
869 884
265 990
343 801
236 311
438 543
611 773
294 595
67 803
178 504
417 784
2 138
495 587
23 224
597 715
14 541
474 978
741 944
120 966
33 977
469 809
325 409
606 810
684 720
645 854
884 904
297 760
232 559
430 956
197 863
97 347
427 726
390 478
358 418
529 598
414 464
197 992
716 848
362 801
93 655
280 980
617 813
393 731
157 402
232 461
94 983
366 792
2 609
20 926
25 768
635 721
233 933
270 546
200 314
453 680
125 864
294 503
739 764
9 357
502 586
169 623
385 698
591 756
47 522
319 785
433 930
181 976
682 791
113 954
57 226
61 698
83 862
195 684
198 637
15 89
165 332
627 689
665 908
481 559
43 864
490 951
181 754
369 882
479 509
243 809
428 941
748 826
484 517
804 996
274 455
22 553
78 917
230 908
71 180
351 836
65 379
917 933
348 718
295 977
351 981
217 465
295 934
421 743
558 792
120 772
47 285
212 220
199 566
18 629
3 219
153 234
120 883
448 954
625 734
82 211
269 533
35 91
54 853
900 905
44 283
188 939
68 145
344 665
720 736
119 742
120 192
374 885
141 684
436 524
73 718
845 856
862 974
189 980
419 423
719 752
208 306
634 792
656 714
200 342
203 617
333 486
544 939
337 995
203 966
241 271
538 597
24 211
264 834
190 192
29 94
272 993
54 435
60 820
167 240
207 903
260 278
751 790
535 837
366 368
686 935
229 536
105 522
8 421
32 59
344 509
161 665
1 940
330 816
476 714
256 691
705 964
799 886
35 733
382 740
164 447
19 404
403 565
351 811
377 484
252 956
532 734
348 547
136 295
486 657
305 720
291 901
348 722
153 932
469 542
199 645
184 674
222 830
141 268
109 664
143 834
3 311
615 914
376 505
340 668
469 880
788 936
280 767
430 901
417 570
589 644
291 449
258 266
23 526
379 648
529 909
971 972
127 682
21 25
258 701
189 903
116 153
483 694
444 656
516 812
21 394
85 711
51 971
214 405
90 879
759 907
336 483
561 798
46 934
203 533
629 711
119 409
321 450
33 438
159 530
109 355
384 792
406 837
316 707
337 856
621 712
161 490
114 394
467 710
548 849
385 787
117 906
246 294
281 930
502 860
138 637
838 986
490 892
198 581
548 928
308 397
15 145
155 274
48 834
70 643
52 906
273 931
218 446
540 999
522 598
486 595
468 954
507 916
87 769
641 890
896 953
292 462
205 795
404 640
585 901
822 938
182 565
291 782
466 472
28 631
68 420
417 740
171 949
25 495
296 694
724 798
340 551
37 705
521 984
58 464
375 723
145 864
521 809
133 531
577 869
646 851
205 385
371 937
7 143
154 577
67 416
285 489
202 885
457 688
349 994
208 250
48 339
211 897
341 562
376 576
531 606
29 996
147 361
501 828
68 685
142 684
643 905
551 816
509 621
293 512
206 567
246 608
431 662
562 858
136 212
462 972
467 738
216 418
159 788
293 354
114 257
562 813
48 927
639 809
105 706
178 546
113 255
666 895
352 785
540 852
192 714
688 719
709 827
428 970
843 941
146 151
143 337
809 877
518 647
153 721
494 575
333 835
762 855
83 528
198 323
37 79
113 473
779 786
653 821
307 457
731 961
640 896
127 200
19 573
365 579
688 956
65 271
640 831
342 733
308 933
438 540
737 765
519 861
19 682
101 894
71 390
382 873
240 642
22 78
10 654
374 733
230 301
448 863
36 126
277 372
421 548
542 672
248 252
118 726
448 974
568 943
144 471
127 780
76 786
607 630
483 784
637 751
233 249
140 867
658 736
128 891
702 949
7 461
716 849
607 788
244 270
175 984
768 826
181 283
241 512
82 304
120 387
157 258
676 738
685 876
388 889
134 141
389 448
103 808
74 834
471 708
642 720
203 938
76 180
453 969
432 764
142 827
398 417
471 693
511 632
441 642
596 818
152 715
83 865
705 733
209 494
356 363
195 687
434 461
142 938
265 317
855 896
179 419
489 799
18 31
271 371
423 532
557 886
579 962
799 925
265 654
299 522
359 666
178 857
826 873
282 971
653 712
545 967
4 380
5 709
689 700
268 313
72 650
39 938
244 904
338 437
89 669
199 672
257 953
537 625
151 477
10 723
304 508
400 943
684 919
580 704
365 986
650 914
373 511
62 970
103 170
568 843
35 90
132 992
168 441
617 750
249 690
124 554
12 378
270 882
712 822
400 732
555 672
383 539
276 455
93 865
64 617
284 858
448 712
112 805
167 687
224 879
99 845
707 906
300 460
318 553
30 253
241 556
58 234
115 503
890 947
9 422
707 795
11 272
266 479
306 972
200 343
402 655
55 715
76 506
445 555
172 805
211 953
237 841
280 382
177 970
73 777
7 522
48 633
17 526
130 807
169 987
332 385
259 601
722 761
411 818
85 215
78 724
28 57
674 999
325 617
640 699
53 410
113 135
169 245
152 965
468 935
326 333
477 815
425 940
585 654
213 853
86 461
113 481
338 518
283 395
321 764
287 451
1 766
878 968
98 390
447 777
28 509
399 938
788 843
455 542
245 454
250 428
452 800
165 645
80 931
11 739
451 488
213 649
150 170
225 235
689 868
597 627
524 931
158 737
470 695
641 729
235 478
93 980
228 621
12 286
181 433
127 597
55 408
572 806
914 958
427 785
448 724
413 862
163 875
755 965
497 981
250 979
340 849
261 299
409 600
673 955
600 837
46 935
638 797
436 775
111 135
419 723
721 983
220 622
3 912
66 260
73 852
402 770
82 538
213 324
73 805
885 910
264 974
209 421
63 454
319 808
213 309
129 740
60 584
960 966
686 960
907 949
237 480
423 591
100 808
571 941
38 98
316 768
88 991
195 901
182 889
321 815
503 579
285 652
161 902
60 140
117 461
45 608
288 527
537 952
292 463
594 699
403 814
369 756
95 410
827 963
206 444
83 435
139 453
879 927
404 999
102 204
602 780
192 504
569 858
659 984
20 678
148 339
374 771
358 388
414 506
73 308
845 910
663 765
189 938
461 901
370 494
251 593
107 533
767 953
239 240
668 824
6 179
478 908
171 368
172 207
29 882
427 906
711 890
676 719
487 966
16 611
362 749
93 587
243 354
355 636
210 425
509 763
789 793
275 415
354 700
794 897
315 942
284 727
327 659
350 560
77 936
941 959
467 884
125 956
808 856
700 862
229 974
85 286
218 369
933 960
96 797
441 726
173 971
686 988
268 929
713 898
56 507
700 956
388 474
389 943
221 624
443 570
235 828
415 560
14 423
23 431
264 294
87 804
148 844
455 704
134 927
230 704
193 497
197 281
161 787
22 220
796 947
266 642
62 717
309 864
701 778
166 671
310 330
701 891
175 532
215 459
608 877
309 514
10 481
559 754
157 590
102 123
193 829
361 435
249 661
775 954
249 518
15 961
733 812
133 630
297 920
542 978
279 792
194 612
391 962
603 704
258 533
100 334
711 862
470 840
146 530
94 868
404 430
544 897
445 518
154 725
76 294
389 463
262 855
66 332
176 404
820 869
342 481
254 685
65 908
428 762
708 946
51 593
473 487
74 978
648 925
61 696
136 241
700 977
242 367
248 784
338 878
262 512
113 154
332 380
77 575
333 917
299 525
726 916
195 972
291 653
652 690
139 833
446 607
486 536
415 532
731 959
558 572
579 739
65 377
201 873
19 600
442 517
61 237
102 475
109 545
796 919
254 369
697 846
679 874
644 707
176 647
75 767
707 734
427 534
317 662
148 420
21 146
701 752
25 87
357 810
70 449
497 607
280 899
48 175
67 349
438 468
183 275
140 614
271 764
55 341
168 871
725 881
427 978
141 908
439 683
629 737
314 448
479 910
530 656
169 568
8 762
464 492
301 727
176 432
198 701
159 713
454 715
384 685
406 814
262 706
873 977
60 677
406 921
173 898
209 457
549 615
131 402
169 875
389 854
66 229
138 726
144 551
382 667
420 956
108 511
400 448
204 938
50 256
32 795
661 956
576 984
403 932
247 629
641 796
640 841
628 996
311 472
59 419
130 283
4 480
495 687
745 832
482 806
653 973
339 915
268 429
782 787
658 869
533 663
58 617
611 863
170 923
45 797
58 728
19 850
611 940
353 940
378 585
641 687
269 678
542 761
373 466
750 892
567 862
594 792
188 585
153 486
125 482
189 901
284 959
396 525
388 653
577 776
621 787
806 879
458 969
21 505
376 550
211 999
458 856
264 657
7 843
122 685
48 312
176 461
172 778
752 812
552 888
756 760
691 955
77 788
674 806
267 708
17 745
310 698
151 610
744 958
415 825
713 997
591 972
229 651
14 89
610 906
62 357
669 771
302 468
217 252
386 883
192 910
562 760
361 777
69 472
325 878
145 504
184 610
221 269
796 825
134 944
386 917
44 665
244 961
670 913
71 412
295 872
222 792
261 936
701 997
227 610
230 263
288 750
664 677
202 300
555 956
257 785
297 624
80 896
351 717
667 810
175 627
88 395
801 928
340 690
496 976
426 779
44 334
262 413
326 532
97 316
637 698
68 235
50 586
93 680
711 996
487 624
91 395
254 837
328 967
183 347
119 601
90 833
54 172
202 883
760 825
742 889
397 894
414 804
38 624
789 792
376 689
215 840
146 721
552 852
437 510
111 267
116 691
88 576
124 134
682 830
310 535
539 731
114 428
384 661
51 485
200 733
55 833
43 889
522 790
87 592
248 868
429 753
412 449
51 131
347 828
277 845
226 935
173 748
192 891
389 575
840 951
571 825
92 988
347 941
717 731
494 684
28 256
377 418
14 343
260 947
190 564
142 443
520 839
478 499
944 947
46 215
156 531
118 677
157 811
463 490
177 181
31 790
14 992
400 980
438 828
330 413
205 543
597 697
488 557
749 910
182 305
832 870
172 511
444 628
140 797
909 990
179 705
128 893
235 409
150 450
280 936
387 908
171 689
254 790
625 994
58 101
298 564
31 362
56 638
401 837
21 448
635 722
472 750
90 805
259 816
655 950
730 885
587 804
401 615
328 705
24 250
868 987
629 701
137 445
691 834
391 624
656 911
87 161
414 915
604 973
142 654
276 976
354 560
124 170
329 790
109 442
511 634
330 569
481 947
333 690
502 875
269 394
91 960
347 634
596 675
229 626
138 563
713 957
330 795
518 726
591 900
406 732
282 934
27 233
179 466
126 865
145 166
161 611
203 488
166 252
583 901
160 293
588 797
438 732
535 742
238 738
277 722
350 504
98 113
260 768
101 958
562 640
210 599
265 622
231 303
204 613
210 742
230 749
446 958
239 657
311 356
257 959
210 889
411 434
378 707
568 623
92 373
260 693
460 989
482 613
465 589
230 463
512 802
340 379
33 769
46 98
434 704
182 354
22 475
154 195
603 912
620 850
132 994
478 664
375 740
211 383
287 946
698 887
110 627
55 438
242 667
340 968
106 506
516 843
426 485
867 985
135 399
319 370
345 723
949 983
93 513
383 891
208 309
300 349
393 837
45 414
345 636
54 148
224 591
281 568
673 782
233 791
696 729
345 493
199 510
110 175
43 931
794 873
161 444
243 744
118 404
189 262
63 317
268 923
360 844
240 290
385 933
19 296
420 957
204 852
636 823
29 415
160 466
341 413
14 493
36 621
256 805
166 280
294 813
188 288
207 452
28 217
221 296
57 703
277 758
403 935
38 294
100 763
670 811
545 594
13 28
303 838
917 966
537 930
224 483
519 790
351 970
211 223
84 87
334 667
84 966
283 683
35 282
184 788
421 617
343 712
235 323
399 842
2 992
404 956
258 406
116 454
483 989
175 719
430 904
144 273
625 840
148 441
495 866
272 501
719 947
354 965
150 394
81 891
79 272
45 224
426 566
193 917
422 522
573 714
23 745
79 385
157 343
621 786
301 903
430 725
876 893
423 436
561 787
392 472
30 110
345 600
241 351
59 554
703 845
663 814
205 252
411 581
267 537
363 844
342 447
694 896
377 984
303 448
489 554
186 522
150 929
485 574
255 936
207 789
243 708
208 861
855 981
269 466
678 886
553 607
40 550
511 643
96 994
100 810
428 993
32 90
252 765
218 445
773 979
118 146
9 894
579 924
247 826
821 967
277 665
614 850
86 495
735 918
166 407
317 793
482 856
619 889
527 954
201 800
277 635
154 502
546 948
304 567
230 693
178 464
328 445
182 520
718 750
239 713
741 823
61 389
546 807
31 829
602 923
533 539
202 301
365 783
421 525
741 920
11 769
452 917
166 851
7 341
219 979
441 461
496 800
611 681
10 346
181 403
698 815
189 936
315 341
261 619
245 540
413 800
56 611
516 771
77 243
410 754
341 590
271 823
681 853
525 988
197 699
259 868
573 944
206 651
233 751
381 447
551 813
310 613
574 662
223 460
260 346
129 548
124 135
165 451
485 594
394 531
252 291
347 529
20 425
186 913
317 377
464 723
678 914
660 761
312 871
494 595
207 670
247 873
29 470
88 782
570 746
274 479
661 785
166 209
321 920
127 356
382 547
736 889
40 800
57 646
60 291
408 772
278 366
773 856
36 820
218 691
718 808
57 759
277 558
459 647
118 920
265 962
585 981
507 659
878 902
2 279
334 672
286 711
684 942
645 688
633 946
870 897
112 463
25 456
63 640
693 825
140 911
127 777
724 829
529 953
824 951
505 513
658 735
382 473
76 668
376 786
448 751
379 693
272 573
332 581
458 959
410 726
587 854
397 784
396 933
16 577
290 416
4 630
64 861
198 964
254 576
60 957
578 702
445 629
391 627
180 454
402 840
77 842
280 404
358 893
324 933
454 636
199 315
242 282
26 799
207 860
228 345
364 777
536 884
207 717
179 420
184 334
311 675
518 727
388 440
62 339
227 400
748 822
188 285
575 659
762 886
669 714
134 863
256 969
282 889
212 506
59 409
149 535
204 614
350 392
260 912
390 995
446 959
305 825
395 955
417 839
361 593
348 889
64 416
156 624
527 611
16 451
116 380
128 572
455 853
550 610
519 753
229 285
673 705
414 417
287 957
272 394
3 522
205 356
775 920
520 672
560 893
409 807
393 618
2 686
776 921
659 752
203 668
223 721
24 57
397 820
234 470
180 644
259 815
439 677
65 588
377 850
454 702
128 390
256 331
556 958
371 640
355 775
561 976
708 769
525 885
677 734
270 348
475 750
189 404
63 431
105 637
198 706
677 687
713 894
472 920
260 417
333 597
271 291
61 843
65 136
377 654
363 431
442 850
545 887
256 806
187 522
352 587
425 913
298 417
545 992
549 808
142 342
201 698
92 901
429 986
16 257
161 872
71 293
735 962
352 681
39 843
408 747
95 419
482 804
11 518
50 96
412 607
322 733
35 396
589 973
658 867
370 773
261 946
616 745
118 883
88 258
418 655
165 642
260 682
139 299
175 601
340 664
235 322
145 606
383 730
176 820
546 738
361 504
400 684
111 716
720 817
319 435
29 585
50 932
400 571
119 710
664 775
111 930
21 406
719 803
354 949
257 503
172 230
64 999
492 843
42 758
90 794
16 649
181 193
206 684
9 336
481 792
7 986
321 375
467 861
160 819
159 687
682 856
61 653
43 910
206 590
226 716
467 714
69 898
109 385
181 788
475 635
722 728
320 440
855 980
198 441
215 629
240 335
26 710
333 970
78 823
490 907
255 649
313 614
50 339
624 820
89 399
680 742
278 323
333 812
136 376
669 690
193 377
134 807
813 967
45 605
541 632
778 794
106 605
144 178
1 735
199 724
204 686
297 340
779 968
339 945
361 553
253 523
568 697
623 925
644 758
22 166
25 322
83 436
286 635
123 951
628 664
644 645
27 653
233 368
50 870
88 397
32 741
491 952
261 840
282 373
541 956
447 669
121 459
197 870
568 774
129 462
542 618
608 930
435 958
555 749
223 779
573 636
578 774
802 862
90 988
110 411
81 247
725 838
100 341
160 514
290 413
609 697
419 611
292 755
242 898
479 947
116 927
405 956
48 343
11 349
452 505
219 414
578 603
138 168
342 472
531 723
694 877
481 804
355 863
87 268
454 529
761 861
228 422
363 585
790 846
882 935
96 784
243 675
902 952
53 430
285 587
108 434
511 823
778 988
193 212
218 513
633 742
322 611
415 706
514 601
2 357
5 638
193 502
250 257
13 35
253 702
196 563
164 209
37 173
169 381
316 500
92 659
611 921
98 316
425 532
361 662
326 852
880 886
611 998
49 497
174 232
175 529
374 576
72 814
241 841
546 554
121 487
379 711
125 311
440 577
2 856
332 759
629 839
41 742
81 817
590 803
33 566
346 439
91 376
716 845
167 647
188 738
214 614
733 858
634 769
64 815
121 690
48 484
146 529
538 715
298 852
416 503
487 884
111 184
100 431
815 830
601 710
350 531
21 529
351 382
152 672
320 706
263 692
894 896
57 229
385 814
189 480
212 583
468 681
216 386
583 720
108 752
414 691
307 877
146 469
130 974
57 854
548 917
539 598
189 337
155 289
851 956
468 792
610 961
293 403
316 852
429 723
321 970
748 823
56 265
464 990
32 242
325 915
97 988
398 912
644 936
390 992
515 925
348 890
352 381
740 896
689 914
961 981
374 642
247 688
321 566
163 311
866 874
371 440
758 804
887 960
227 956
727 815
594 928
22 473
597 603
211 400
598 780
288 903
325 376
185 557
516 535
422 770
168 445
280 791
353 871
797 974
64 766
279 603
174 375
103 311
291 441
901 944
29 533
780 883
345 672
306 742
685 938
194 583
86 601
58 246
828 982
121 846
711 831
600 877
238 503
368 941
646 942
96 412
651 964
247 383
377 849
581 651
342 401
273 638
76 325
60 834
738 950
299 430
713 748
419 793
544 654
462 921
502 730
104 149
468 606
229 946
263 809
437 726
385 955
299 733
325 597
549 757
52 947
591 922
117 723
619 625
123 366
895 964
201 552
38 469
187 525
80 603
65 425
71 151
717 737
757 916
4 348
493 577
347 919
465 892
110 977
130 393
5 967
135 920
469 650
145 716
81 718
98 740
80 935
44 357
318 796
546 739
231 785
783 910
590 744
771 846
6 937
188 580
315 474
577 995
340 639
417 430
56 730
715 861
383 571
258 694
133 570
393 645
46 713
323 964
306 650
167 847
168 695
577 781
392 587
177 703
77 94
190 391
100 257
634 825
525 950
180 665
181 192
459 482
262 899
30 511
547 723
472 599
347 361
147 193
369 497
621 707
12 813
68 709
142 836
254 744
406 969
371 524
330 639
40 665
591 856
433 894
442 900
187 843
77 627
596 741
942 969
360 569
70 644
342 889
368 484
238 958
226 926
657 824
195 905
624 821
35 764
221 665
523 839
84 151
692 854
17 42
202 230
203 259
666 681
169 503
65 294
321 732
749 756
566 938
718 893
352 694
446 884
287 304
74 143
2 160
844 927
297 484
120 833
407 891
267 268
68 417
89 586
390 714
120 944
379 845
567 782
126 202
366 693
93 899
461 863
192 508
71 844
720 798
516 751
250 785
345 879
291 369
20 785
383 991
8 889
116 250
297 928
353 536
410 577
102 957
33 666
289 880
159 334
293 856
238 333
93 726
132 730
224 811
258 525
760 973
707 838
172 203
121 661
396 899
271 817
110 267
534 761
479 946
703 786
154 765
711 775
12 755
141 977
91 170
110 250
919 986
60 923
777 997
375 786
401 521
151 701
99 756
246 613
501 680
543 667
13 700
32 299
398 462
401 410
700 858
660 933
111 389
635 887
100 234
446 506
651 746
142 979
308 511
467 598
41 365
556 564
463 514
144 610
198 309
515 629
165 180
38 386
463 947
83 535
468 987
566 660
37 74
493 632
791 817
442 762
978 984
80 547
212 480
395 512
292 408
343 831
17 167
145 362
314 547
157 951
176 512
356 918
412 896
16 473
364 393
2 132
131 824
560 742
425 539
482 604
728 924
488 641
193 535
233 450
325 498
783 800
176 878
374 577
46 436
567 786
70 334
555 810
905 995
62 930
249 665
63 608
335 975
301 811
819 914
215 293
625 999
42 941
133 626
171 707
833 942
375 547
581 884
319 347
802 867
772 863
202 771
759 985
599 880
285 456
6 34
320 805
375 833
696 704
162 228
200 399
107 787
534 628
630 985
276 876
132 476
946 952
484 975
216 613
233 713
54 425
78 547
65 896
284 422
69 968
290 755
333 687
173 922
155 691
929 936
363 564
218 337
143 402
75 504
632 735
329 629
276 672
588 905
290 836
164 385
259 431
99 172
27 155
389 528
65 460
288 365
499 931
244 614
689 695
37 255
351 979
11 540
102 479
878 928
136 623
196 679
469 757
435 573
496 573
611 948
206 504
245 414
168 303
295 642
7 270
542 641
563 678
12 224
144 296
478 671
228 630
159 224
96 192
3 524
41 705
166 1000
85 956
202 980
867 986
64 925
245 978
154 531
506 850
655 753
806 839
516 965
264 618
369 379
4 596
171 461
25 919
142 766
146 645
237 836
77 923
665 679
115 280
742 919
66 428
543 706
651 852
837 929
401 465
21 564
781 878
17 513
161 433
786 964
56 89
53 195
147 898
574 831
648 957
95 856
652 925
601 963
181 687
237 503
442 993
648 780
333 548
14 65
571 900
255 663
18 124
75 117
406 767
632 874
174 651
195 940
89 433
39 615
294 800
28 212
503 634
70 955
252 954
1 832
614 772
10 926
248 637
369 707
792 952
95 429
391 412
123 572
197 477
37 356
19 745
615 827
689 957
404 968
887 935
301 448
178 269
435 646
590 638
559 705
34 460
345 993
235 469
236 938
461 779
232 621
124 587
457 956
573 598
560 795
67 317
710 721
396 521
152 221
426 452
244 323
211 634
15 682
876 888
404 499
530 865
96 441
30 508
587 993
159 536
789 881
259 922
350 601
441 995
220 538
280 351
198 669
345 383
423 868
584 700
169 826
155 379
70 618
416 909
553 604
22 649
77 626
83 909
299 568
490 905
17 271
56 339
298 496
227 426
464 520
652 743
193 206
537 865
4 162
243 916
463 847
602 725
53 667
218 730
203 258
239 869
148 804
740 970
784 868
469 572
571 620
348 803
277 489
73 76
128 631
81 553
245 342
495 786
541 954
140 885
219 980
555 862
119 823
337 353
399 585
439 856
225 468
150 405
393 672
466 790
802 860
158 992
12 398
241 542
43 288
125 228
168 803
155 795
462 645
210 418
76 319
243 278
25 591
138 854
68 683
217 759
293 522
169 628
350 565
156 278
178 762
155 726
489 916
184 198
807 998
332 454
170 505
851 930
308 367
661 685
921 956
385 994
886 980
433 746
251 367
330 882
57 538
26 587
498 700
248 727
65 487
653 734
359 765
51 52
657 795
182 862
382 550
256 992
403 627
188 491
193 347
16 316
861 908
199 805
455 703
437 848
268 482
442 477
193 613
49 277
697 821
244 848
236 716
426 856
304 308
400 871
404 887
315 404
478 672
211 359
658 730
550 980
93 791
132 921
153 418
211 724
84 590
323 782
270 779
716 847
2 713
133 625
401 825
181 357
171 339
279 900
410 725
592 739
458 781
204 281
95 560
223 527
547 797
33 391
197 668
314 408
47 674
618 682
413 468
142 658
167 197
264 828
651 696
32 328
51 596
103 951
381 561
56 190
19 50
630 760
333 686
686 914
490 815
397 721
411 989
302 566
640 725
535 540
420 901
576 723
313 563
96 941
80 482
208 695
485 853
494 733
23 345
588 793
580 921
562 700
65 380
39 928
575 626
944 964
460 763
176 606
69 301
322 756
770 832
92 706
240 853
26 240
575 963
305 911
13 470
28 693
323 575
81 625
124 945
16 228
469 982
793 940
620 989
287 958
309 658
145 913
698 883
370 416
79 312
529 555
715 768
440 718
183 366
42 910
542 819
154 528
104 731
101 161
12 598
345 727
238 266
516 966
132 659
59 661
189 862
116 930
427 969
137 739
396 836
578 622
246 896
247 377
466 512
160 955
582 722
200 428
256 334
262 820
372 746
798 906
46 879
105 465
651 855
556 840
171 234
686 831
48 639
108 583
91 947
722 755
407 463
136 146
191 372
265 498
800 873
414 685
277 943
338 847
173 782
942 947
657 961
468 830
269 315
108 357
736 966
109 188
640 689
221 514
493 797
293 437
131 294
278 459
540 922
133 348
173 671
134 687
549 836
566 674
471 810
420 776
190 662
445 459
412 692
857 955
415 759
308 581
398 963
19 522
791 888
460 648
395 587
88 231
127 142
182 689
404 747
723 911
226 333
944 992
62 575
72 571
571 579
115 639
296 931
774 868
5 965
300 987
616 748
447 900
28 618
283 687
126 349
14 557
73 87
109 657
537 704
438 841
6 653
575 884
260 661
603 835
233 409
451 494
788 951
185 734
93 957
404 952
331 872
280 710
334 441
64 685
232 735
309 581
182 253
594 789
519 726
153 489
286 335
289 761
208 503
78 92
392 589
233 981
237 517
293 819
264 519
65 700
82 754
530 862
125 176
350 719
258 841
225 794
172 775
263 472
251 774
17 962
57 65
117 881
87 357
968 973
134 478
902 979
579 866
85 245
180 223
240 322
96 998
230 877
624 728
91 701
114 758
117 693
959 996
84 290
415 602
416 876
308 682
190 690
394 959
514 624
195 792
398 991
429 827
675 959
641 883
434 979
640 810
164 184
628 965
165 833
295 918
421 727
176 614
288 628
532 991
689 984
300 959
12 75
73 115
309 903
37 488
224 225
206 305
25 496
157 755
488 566
323 759
412 860
505 760
602 790
880 988
40 275
10 503
410 429
140 886
34 465
54 788
219 983
258 745
79 323
914 924
185 980
607 825
77 286
237 600
312 465
190 470
228 877
449 584
251 708
471 475
509 772
487 845
96 582
629 676
349 876
149 452
651 782
212 840
363 812
513 801
255 874
868 947
355 832
229 871
51 635
267 662
553 925
62 89
104 239
526 891
363 475
198 408
454 822
165 289
403 660
259 292
49 840
291 663
843 930
705 901
463 957
106 666
257 692
442 760
518 521
409 497
339 880
641 814
89 281
36 816
649 991
688 947
585 985
412 531
692 987
342 724
494 915
407 808
546 980
140 165
303 747
737 871
314 656
170 860
689 964
649 697
602 891
141 333
69 106
115 932
139 372
182 266
2 932
7 437
245 730
474 764
150 455
301 809
414 472
162 401
841 844
25 159
542 980
300 487
135 422
232 309
569 602
517 666
167 785
43 271
48 487
121 695
480 530
81 97
266 437
87 207
72 380
76 348
385 513
67 163
18 485
751 917
109 292
351 379
885 991
280 408
803 964
18 372
165 483
117 986
208 906
338 985
639 869
360 853
252 323
610 621
114 348
77 680
61 803
632 737
454 786
950 951
388 420
373 866
29 438
433 533
468 906
35 809
821 906
39 637
353 478
631 999
244 753
579 600
429 609
105 961
456 961
736 793
120 558
857 975
221 368
519 809
117 399
636 637
784 798
567 573
204 753
615 785
45 819
196 673
308 823
348 996
193 753
250 514
31 241
36 153
193 866
70 424
720 841
177 438
569 916
767 793
497 593
375 656
780 878
391 911
505 914
127 527
483 531
335 594
449 903
200 207
383 870
738 851
281 402
634 800
124 374
752 951
271 875
458 814
189 718
336 398
7 861
301 576
547 824
489 672
164 924
146 643
20 271
60 716
609 960
238 839
424 543
648 959
630 709
652 927
7 656
228 377
377 545
467 675
394 727
97 674
739 847
259 751
22 739
243 668
62 224
192 666
601 882
195 513
182 997
536 963
188 334
160 471
97 908
614 939
80 606
778 915
134 831
451 917
160 326
394 920
144 827
19 525
100 736
142 453
653 967
503 666
72 572
770 805
93 154
295 834
336 881
304 415
25 283
80 922
260 662
836 949
880 945
793 798
650 945
249 742
361 508
236 932
111 712
59 101
153 488
357 840
654 668
306 566
201 468
208 488
278 688
82 465
101 371
48 65
655 678
285 364
552 689
478 923
500 759
466 963
759 899
43 343
760 803
65 691
500 614
324 692
203 525
350 716
223 582
573 935
388 937
411 600
105 291
38 985
484 897
159 683
424 620
60 720
941 997
582 985
109 125
39 342
87 586
454 971
256 760
722 871
100 983
691 716
212 745
428 990
393 433
298 510
184 505
627 911
848 928
813 946
8 167
653 777
35 590
493 546
147 604
792 871
83 346
303 865
641 882
398 591
183 719
62 728
156 517
196 618
178 461
435 454
266 632
448 843
33 851
379 977
107 462
222 941
278 899
300 847
118 706
233 372
461 860
79 221
616 999
763 776
505 616
175 750
306 587
434 532
236 904
550 942
205 343
24 296
387 918
110 556
292 537
721 761
399 504
73 654
590 997
2 658
764 936
819 857
203 600
422 698
315 566
30 79
15 313
287 548
110 249
129 910
506 618
752 846
57 92
302 830
530 613
177 779
397 602
215 823
18 273
189 472
155 680
212 559
104 383
566 585
17 344
18 51
200 850
165 288
316 844
282 588
139 973
326 381
91 664
442 790
79 607
353 433
100 602
429 636
653 732
891 945
101 900
415 718
571 684
187 679
10 852
174 931
247 571
166 519
136 630
451 651
395 995
805 852
165 757
701 771
336 825
135 989
227 900
12 104
107 426
309 922
82 228
120 975
706 810
68 279
144 463
456 497
590 692
148 399
21 135
242 625
225 389
577 936
104 594
763 901
448 740
231 683
106 384
141 703
362 790
272 562
626 715
607 796
336 645
512 664
124 764
368 822
183 437
559 846
449 555
10 93
105 217
267 838
621 981
90 815
595 922
9 259
134 234
600 772
76 349
276 879
281 727
212 877
200 513
381 606
256 275
151 706
8 340
686 801
213 261
273 688
471 589
256 386
111 410
534 853
549 588
70 545
234 947
47 883
468 804
216 309
513 607
442 955
42 145
170 362
652 730
319 591
195 949
549 686
325 526
75 219
809 945
131 349
39 636
79 563
460 535
153 693
118 223
799 810
361 826
420 869
97 976
904 938
779 822
415 674
252 768
507 709
291 912
205 842
575 636
727 965
456 672
257 945
58 604
168 244
496 673
482 908
28 512
415 448
148 589
202 287
495 630
131 793
6 679
297 545
61 456
245 411
379 921
33 795
662 946
330 443
706 782
763 835
103 162
175 561
345 906
749 876
144 299
148 419
2 905
612 840
681 724
560 995
399 530
36 376
421 802
81 162
137 656
11 187
267 789
289 829
626 638
552 613
517 765
538 696
116 940
120 423
29 819
506 960
16 674
272 828
517 526
777 977
138 157
307 574
290 304
54 281
402 790
186 641
479 772
561 971
502 687
66 427
604 943
552 786
384 676
630 683
185 463
207 910
289 377
513 665
790 923
355 1000
82 848
138 590
86 136
161 295
535 973
238 823
437 722
350 813
406 515
613 873
320 448
51 336
416 979
273 958
751 767
94 278
666 959
762 804
429 563
66 879
895 960
325 994
416 834
92 787
499 787
43 613
133 491
264 278
265 547
636 956
490 690
382 636
143 518
166 365
353 362
107 199
17 211
201 782
166 508
114 773
633 787
528 737
141 178
288 618
399 946
145 311
110 981
120 809
13 504
110 836
398 658
421 531
701 843
546 652
267 373
214 998
163 420
76 963
373 475
211 432
89 780
698 930
145 994
645 917
171 622
261 736
637 687
140 803
418 989
20 889
148 310
940 954
245 514
466 817
160 652
488 777
214 563
231 755
162 470
56 589
550 877
440 748
3 762
505 798
90 884
141 856
254 931
272 649
37 903
11 308
525 946
142 558
772 929
186 306
63 232
122 692
284 715
30 483
134 333
530 638
55 965
705 748
761 836
33 175
678 793
132 181
522 893
138 610
838 979
209 703
669 875
191 507
843 952
221 612
477 666
369 817
647 820
52 770
74 326
883 996
766 915
585 594
40 217
142 422
274 550
222 880
408 716
727 909
199 608
112 330
41 834
280 518
26 54
226 478
260 740
68 429
54 712
295 758
282 463
139 330
295 583
693 848
453 503
145 974
771 942
538 943
693 705
729 824
569 979
345 883
271 543
241 642
159 330
569 572
646 840
65 749
544 782
410 764
86 645
180 714
479 958
281 585
397 887
200 407
219 405
100 432
708 823
323 339
270 366
18 511
436 914
219 258
203 953
419 836
150 980
284 350
88 583
655 889
158 419
548 751
136 221
800 804
213 465
15 79
454 933
691 698
674 948
161 751
19 249
536 909
240 352
743 886
319 554
17 488
346 596
170 262
647 792
298 467
156 981
359 766
680 711
312 587
641 812
109 932
662 730
627 795
352 743
477 896
27 977
464 789
83 377
295 948
300 526
62 757
11 581
249 978
827 999
425 543
192 318
434 727
650 999
101 583
447 559
49 500
1 329
440 983
58 266
37 539
884 914
137 921
28 882
598 852
68 167
568 807
658 729
145 938
111 771
58 509
702 930
607 654
542 587
174 463
58 108
497 516
25 157
98 893
261 585
135 416
157 360
216 988
91 492
257 306
764 973
301 969
539 993
233 828
551 894
368 533
789 837
275 451
186 746
177 933
595 763
104 190
13 732
384 584
557 587
562 887
88 722
450 969
660 820
200 736
352 839
296 511
243 642
317 407
583 860
19 277
312 777
938 965
207 632
248 647
765 906
576 581
614 909
333 798
762 880
9 696
27 159
156 825
78 995
92 959
619 950
197 340
1 745
115 759
575 639
45 672
83 277
213 922
197 485
144 255
130 446
24 933
611 811
415 451
568 630
435 513
199 552
115 533
866 871
650 776
98 733
224 316
706 924
50 856
286 436
32 691
805 984
712 720
36 234
112 624
21 154
497 710
166 925
41 692
262 348
504 506
140 655
272 543
516 818
37 785
776 927
232 275
729 993
785 855
733 953
534 714
21 493
719 762
764 977
147 315
167 900
262 920
46 771
105 325
87 237
864 918
39 78
781 793
656 994
94 618
402 934
155 738
52 154
596 863
152 560
562 795
263 804
13 593
627 663
385 958
51 339
22 592
468 936
398 855
278 441
830 890
43 612
134 829
455 755
143 950
18 685
614 651
469 548
273 505
438 989
37 352
371 490
689 945
212 250
567 944
588 621
735 750
227 991
192 358
887 931
110 820
326 913
384 392
145 592
426 799
427 618
10 478
102 168
70 394
284 768
72 250
128 828
220 466
11 73
506 771
103 423
530 955
234 274
551 595
76 561
516 790
422 525
3 765
349 611
81 141
103 564
200 237
534 726
371 836
279 969
266 504
67 95
363 948
270 480
287 578
162 185
324 694
475 802
65 546
46 799
431 535
547 726
466 739
696 764
401 544
842 902
290 341
384 786
424 991
77 955
60 867
6 377
190 234
428 555
677 764
234 726
254 749
885 917
178 677
113 120
99 445
484 737
290 934
700 913
190 855
507 817
886 895
840 899
58 832
610 885
131 148
762 936
57 732
615 629
796 817
579 675
50 431
197 300
269 911
87 904
199 722
184 729
274 551
166 537
792 920
369 739
460 830
585 947
314 763
404 633
407 886
469 681
219 522
45 906
836 939
126 207
129 343
240 638
426 755
33 947
620 913
340 553
399 548
291 487
645 904
560 940
120 147
928 960
546 627
12 315
819 957
125 414
362 816
702 790
91 387
509 912
458 898
171 363
725 832
335 532
620 710
253 427
419 617
99 541
375 888
48 333
363 912
381 455
259 877
115 295
781 976
377 780
116 699
138 805
86 983
33 217
200 630
700 855
652 978
63 493
7 581
462 986
252 314
363 591
129 735
632 712
817 842
319 708
514 926
364 947
493 849
477 588
403 665
156 935
428 956
4 243
23 305
373 828
178 826
52 743
74 379
334 905
904 944
490 651
143 633
18 866
44 742
429 796
66 630
692 934
731 840
454 497
364 375
495 751
204 712
303 756
213 630
550 671
827 998
205 902
774 803
61 418
597 720
376 460
448 937
141 330
253 922
491 781
737 981
707 749
943 949
288 881
276 326
168 455
166 886
171 536
358 462
270 924
295 507
520 651
6 874
97 336
211 728
50 614
681 920
160 693
380 848
56 518
38 682
275 740
383 847
183 439
318 650
45 434
11 238
52 498
362 566
113 708
310 830
132 586
738 829
868 892
8 632
9 257
432 904
16 727
220 559
223 408
479 802
618 662
621 757
143 251
402 835
76 174
424 919
260 293
596 836
43 972
359 942
303 374
539 556
350 823
522 818
709 884
143 270
364 919
187 886
744 781
610 842
437 926
282 977
37 105
476 543
425 975
338 536
299 802
835 884
670 823
896 972
221 333
644 918
66 602
50 119
97 176
204 748
153 838
27 813
374 644
128 644
282 405
50 857
314 802
422 772
332 642
335 825
546 584
430 999
15 959
131 582
120 203
15 556
487 547
422 998
45 261
655 764
272 687
93 537
167 822
685 821
445 688
214 503
90 769
15 706
254 532
376 642
38 944
78 401
691 934
963 973
543 713
42 462
834 930
38 146
367 546
80 164
152 561
212 609
180 199
536 855
313 482
886 993
209 593
504 671
484 605
256 654
277 796
133 344
812 915
302 449
247 814
32 165
251 299
618 846
181 588
330 950
238 535
830 891
423 643
8 142
951 989
218 707
456 992
202 204
813 988
264 487
545 618
416 546
161 865
18 682
54 627
404 614
98 271
558 835
637 986
269 844
40 428
131 887
520 918
280 603
524 966
227 990
417 582
19 970
594 894
365 948
496 941
318 774
279 516
136 878
447 614
15 866
168 415
763 990
31 500
505 962
529 634
436 580
168 558
336 688
478 783
500 835
413 852
272 636
8 978
120 342
410 742
305 452
72 473
190 393
177 514
38 589
82 641
752 805
307 540
147 199
169 515
578 737
12 811
677 763
656 975
885 916
635 865
177 893
790 933
95 955
8 509
431 485
514 955
325 674
200 825
41 379
339 634
47 821
14 38
252 757
640 657
237 359
558 675
227 465
249 361
840 900
341 441
714 933
161 547
39 518
339 856
670 764
325 853
956 985
464 811
545 630
213 992
731 879
18 654
917 994
774 949
166 542
5 916
482 963
10 657
1 498
628 743
754 870
149 810
387 765
139 332
267 403
13 363
452 925
219 954
317 725
201 356
491 590
797 944
245 627
211 319
146 770
91 277
242 731
315 365
530 924
33 668
340 776
214 605
160 682
81 232
320 928
391 865
358 668
106 333
21 292
168 808
298 891
81 121
264 551
15 314
56 841
919 976
119 374
46 824
747 861
489 637
234 696
164 983
388 799
484 928
397 599
155 685
433 771
535 902
96 791
207 753
665 956
562 800
511 687
522 750
812 964
874 993
683 945
156 983
27 34
602 690
641 802
72 665
201 891
277 566
614 705
452 588
149 620
266 648
122 334
321 547
179 957
715 735
257 987
455 984
296 895
116 352
79 924
151 291
499 664
193 745
693 912
527 644
455 873
16 253
235 259
421 954
150 360
225 297
11 946
505 521
196 510
361 441
533 793
550 969
331 901
22 278
296 556
7 454
16 923
457 639
276 421
112 820
595 833
443 444
353 574
375 569
157 358
103 494
180 569
555 607
404 449
318 651
547 947
290 440
422 677
177 586
15 286
110 152
55 617
648 681
475 877
479 813
713 761
354 457
337 669
247 438
472 900
27 450
273 838
255 616
165 368
174 518
356 493
601 794
198 504
256 675
131 305
66 774
161 634
308 767
847 906
152 867
209 790
429 605
251 511
415 542
285 729
329 345
19 501
791 851
39 974
425 974
904 941
9 527
139 712
265 917
343 872
1 751
457 509
576 869
331 404
283 297
644 806
277 443
558 804
446 822
106 815
36 54
439 475
222 985
689 996
135 962
317 571
139 263
488 739
89 900
300 786
611 664
560 998
409 958
374 982
146 827
806 927
491 534
166 994
421 815
162 433
542 820
85 823
251 531
177 660
146 989
171 434
392 549
416 443
54 365
169 661
186 285
261 333
704 722
781 902
682 989
480 929
371 648
856 1000
321 355
211 819
12 768
786 943
142 883
128 269
185 460
648 980
225 979
355 924
372 870
894 935
610 666
332 436
686 947
467 679
89 153
290 896
222 351
117 555
248 822
528 792
296 364
647 973
88 974
217 238
108 497
56 300
661 849
351 799
22 944
408 836
378 778
571 745
71 285
239 847
240 999
792 958
499 562
227 739
211 230
835 992
533 669
3 146
336 885
280 557
196 641
344 948
353 954
151 363
267 374
103 114
16 182
58 337
597 632
236 928
594 782
3 449
245 670
154 863
767 825
362 986
236 823
133 547
261 638
603 661
175 820
345 645
234 272
81 131
581 822
450 472
569 662
38 755
292 711
43 331
595 998
850 857
52 427
825 877
203 513
419 732
43 216
47 752
66 283
46 797
820 944
376 671
12 853
163 707
461 474
7 978
781 827
138 783
194 247
213 329
87 352
273 748
200 604
42 419
116 720
69 906
933 977
419 907
207 796
902 980
329 678
441 560
62 128
657 928
105 867
126 855
291 766
109 155
36 571
329 567
498 658
532 535
265 604
490 661
307 505
238 675
661 998
558 898
154 332
283 352
452 617
144 170
507 654
697 946
184 731
404 660
60 118
357 724
314 761
98 272
153 829
64 480
248 381
196 741
650 974
262 504
136 956
157 718
340 708
110 726
421 901
232 544
569 871
144 374
612 771
353 672
228 564
91 276
2 767
521 853
516 869
150 431
577 881
470 968
16 975
15 615
59 867
573 741
480 668
815 972
121 670
105 225
76 422
224 657
958 988
190 426
764 795
157 163
506 519
162 219
932 939
57 503
55 516
67 202
808 948
18 506
534 978
419 841
61 568
462 937
345 349
270 284
57 209
185 260
15 72
19 141
167 317
136 175
7 724
179 339
373 649
709 815
144 601
588 924
826 857
222 422
437 952
558 700
226 957
766 803
182 848
978 979
98 99
633 750
361 979
197 381
126 557
74 456
230 767
619 860
503 681
149 619
922 941
62 760
602 981
35 332
128 698
718 723
25 294
301 497
84 775
418 719
183 973
50 770
345 946
620 864
344 539
126 233
749 900
236 601
127 816
461 892
135 255
132 903
461 973
814 819
673 685
29 521
603 684
128 230
93 642
77 317
78 110
124 760
729 906
569 605
34 208
712 996
128 149
404 450
171 329
104 884
211 568
871 996
177 760
142 634
33 296
521 595
561 850
263 398
266 446
86 791
52 355
453 812
458 646
119 341
47 680
337 771
198 844
401 494
204 501
406 793
276 585
26 868
743 945
467 650
411 802
32 445
143 411
695 734
536 893
173 804
523 585
526 856
618 985
161 648
40 999
60 506
26 518
341 399
109 867
423 665
507 616
1 893
52 709
443 704
230 520
594 743
317 856
482 793
545 573
286 665
515 901
2 240
166 551
66 715
250 412
527 618
417 719
326 793
625 632
408 438
649 728
376 490
892 946
330 423
258 392
427 515
465 724
482 746
192 396
529 771
34 419
54 806
625 858
219 997
115 820
261 648
174 383
125 467
215 337
362 999
128 851
380 656
370 474
672 868
140 650
31 419
34 133
492 969
1 116
55 313
298 542
106 371
772 826
78 245
480 580
133 736
372 466
157 250
391 680
287 619
492 751
73 987
401 680
94 847
578 616
371 794
102 606
160 945
842 865
596 900
6 400
155 630
561 975
199 385
329 943
117 776
540 579
713 869
570 998
293 349
212 611
298 372
27 350
579 797
504 673
549 765
36 512
201 583
553 762
130 605
717 951
184 371
249 339
545 782
549 846
622 780
244 722
830 889
66 922
675 824
527 827
787 934
644 997
627 807
597 963
339 815
140 260
412 545
182 651
614 654
631 740
300 578
316 453
232 920
417 890
35 439
163 330
253 638
737 817
644 795
261 953
101 698
227 627
675 743
131 889
650 811
151 362
598 689
732 867
269 731
185 736
495 775
875 877
144 267
269 556
326 551
555 875
366 528
24 721
611 695
45 69
824 888
881 889
474 689
81 881
335 908
564 890
51 937
107 549
668 808
427 922
101 207
372 391
699 790
8 931
621 921
103 646
16 642
162 180
453 851
113 642
96 432
209 247
247 347
85 556
237 801
458 734
43 104
798 1000
677 761
56 141
75 347
401 438
540 679
209 401
337 740
674 829
786 803
610 703
259 673
223 240
192 588
561 725
302 513
394 756
22 640
471 855
226 918
433 592
473 887
588 968
718 939
166 306
259 492
79 759
528 547
212 468
51 78
532 647
184 621
403 973
144 171
199 719
745 809
407 770
474 849
92 640
59 329
41 838
541 657
606 937
1 496
679 807
421 563
213 689
554 671
3 431
429 505
196 388
144 375
453 499
625 866
76 882
111 747
387 925
244 392
48 147
162 391
551 739
185 990
93 701
663 753
577 880
376 879
391 978
551 624
332 938
388 596
281 476
565 692
214 450
175 952
492 672
57 389
183 477
573 853
82 720
119 451
673 851
124 443
587 821
190 314
66 380
381 437
384 753
595 739
543 643
256 443
630 663
556 782
686 889
708 977
160 199
255 630
751 861
316 986
498 981
100 865
91 622
368 425
756 884
17 492
236 240
661 807
353 436
286 896
571 818
109 783
348 585
38 277
60 309
23 419
114 615
248 589
196 917
175 228
288 456
52 657
109 928
41 128
499 636
351 999
356 783
13 90
16 322
683 750
70 164
127 989
18 515
575 805
210 795
376 463
469 842
148 549
193 664
872 958
245 676
93 784
24 265
426 613
96 171
45 286
500 645
559 996
431 773
124 761
642 784
368 811
220 260
10 70
124 360
76 459
95 569
462 744
466 535
711 739
103 718
677 863
270 479
402 815
419 663
372 669
267 603
397 1000
6 324
32 335
420 686
40 714
556 754
596 839
167 339
686 917
122 970
256 566
167 288
209 618
29 287
13 954
70 693
53 393
74 696
809 811
39 746
29 432
285 550
291 697
244 767
80 616
174 742
213 836
89 462
622 736
952 972
199 881
883 928
334 1000
117 280
852 877
65 373
562 695
144 868
161 858
952 955
666 745
369 735
499 600
10 885
62 522
67 892
300 607
451 733
788 836
418 526
878 936
683 714
46 254
13 463
508 649
89 537
400 924
69 72
325 478
23 907
357 973
606 752
166 913
6 954
673 735
487 719
36 357
21 23
611 747
225 420
598 999
132 779
168 708
578 839
176 255
285 307
113 532
241 479
115 450
307 660
768 898
237 939
501 854
146 765
111 231
350 613
354 632
262 815
138 873
690 810
121 951
15 493
489 571
228 400
665 969
601 971
359 975
187 919
319 622
485 882
514 756
566 677
75 250
386 867
39 543
321 862
66 923
292 329
274 684
477 851
60 253
278 300
408 838
688 994
253 652
236 478
93 355
40 113
438 550
313 931
11 560
47 342
35 438
130 414
580 666
121 219
399 814
236 764
109 650
735 746
741 873
740 828
45 930
173 237
527 766
89 998
399 863
201 252
555 989
93 950
844 850
154 810
46 500
379 809
175 720
215 391
529 639
340 896
162 352
292 995
258 655
336 691
577 875
776 976
564 891
271 695
163 790
275 688
55 284
759 1000
79 394
529 665
595 1000
500 620
30 85
539 941
82 636
229 251
730 816
54 510
172 909
411 719
105 438
530 635
401 437
260 504
595 695
265 390
377 598
446 455
178 673
747 912
843 849
21 961
80 131
48 993
513 617
360 546
382 675
311 765
353 431
5 366
687 774
523 737
249 366
9 875
697 726
403 607
460 596
178 229
416 722
623 705
164 336
113 440
369 534
19 668
205 781
723 944
260 594
45 740
407 797
248 272
304 546
50 58
417 773
456 765
6 721
226 475
796 979
616 719
452 777
608 751
20 597
37 401
737 973
224 248
97 110
300 837
120 953
357 948
365 917
131 741
270 900
14 818
145 961
564 936
28 922
569 982
281 306
229 428
86 559
195 212
529 756
90 930
183 431
595 791
155 866
449 577
780 899
267 848
966 978
290 403
681 834
416 485
254 595
772 898
310 961
388 907
152 479
233 724
454 764
436 927
513 683
846 977
151 549
423 768
501 544
29 137
32 403
51 497
359 902
397 677
164 688
181 894
317 398
105 716
471 901
91 609
204 768
556 557
332 333
282 598
248 880
891 966
313 648
852 987
736 884
221 756
153 588
27 39
249 251
908 996
602 689
52 658
127 254
50 79
344 848
148 704
224 422
314 552
545 640
486 986
199 579
168 173
59 340
117 214
196 731
13 315
16 97
72 969
594 946
650 992
336 974
275 925
70 470
589 638
366 969
124 651
189 961
244 284
599 666
104 743
397 773
107 893
309 457
368 955
823 835
424 893
294 407
243 333
393 934
410 844
176 306
363 880
128 437
592 874
8 715
685 751
119 343
47 682
319 945
747 826
397 999
480 887
82 983
432 746
159 873
476 983
192 518
265 478
800 837
30 734
15 174
18 254
192 693
164 571
97 520
41 432
955 996
5 277
522 641
27 229
591 904
344 415
294 829
813 867
151 156
5 678
95 146
445 447
389 519
709 914
35 703
235 791
143 552
257 745
75 174
95 291
294 652
830 978
204 522
193 319
514 563
683 700
351 986
10 882
16 431
788 837
680 966
182 604
73 210
165 770
22 245
41 780
575 971
636 747
395 773
503 828
72 918
107 511
788 820
5 890
616 775
102 310
488 742
805 963
366 651
59 225
380 547
555 769
387 583
491 523
258 680
629 801
10 281
284 936
46 699
249 557
229 403
586 980
551 682
1 74
201 434
168 709
444 882
180 536
271 707
181 321
129 814
168 852
668 885
208 289
444 993
599 815
630 899
167 899
445 573
66 306
105 328
431 638
368 566
316 718
117 869
704 836
52 240
185 465
367 953
501 631
268 824
471 623
420 707
562 788
320 599
30 570
15 130
493 900
325 603
136 504
543 777
229 747
360 598
765 937
87 669
201 726
860 899
347 880
351 792
170 731
174 771
412 652
52 731
342 565
417 911
415 652
473 571
59 446
166 502
207 238
80 883
788 857
239 697
679 684
370 824
280 560
244 865
80 770
232 809
175 509
451 585
36 85
435 608
257 768
58 348
262 418
227 851
46 501
569 840
236 931
720 812
202 543
55 121
810 990
6 935
375 732
125 501
162 353
73 266
36 410
127 603
24 322
297 946
577 874
500 847
79 484
138 502
285 357
90 975
976 996
33 357
267 823
487 976
107 837
534 602
349 768
59 550
414 836
642 763
276 813
298 933
246 535
13 654
267 610
397 559
511 593
544 676
539 635
152 529
86 174
329 683
428 981
583 803
618 799
52 921
255 690
273 924
40 929
647 818
212 359
123 260
718 937
256 797
153 631
490 656
202 236
666 703
757 894
406 498
588 680
679 707
594 685
173 302
235 253
328 425
182 516
40 509
870 913
279 326
266 611
69 126
72 942
309 911
76 910
2 41
662 909
205 622
390 704
728 825
144 474
435 749
168 464
495 805
192 502
125 296
658 751
295 466
120 152
102 984
121 577
12 304
50 639
180 946
806 986
54 927
58 82
439 851
388 711
427 875
354 876
405 848
155 869
284 519
673 992
393 824
586 639
220 721
607 967
422 701
501 924
534 614
60 941
169 722
149 460
129 903
648 689
9 377
337 804
176 486
164 979
553 884
54 475
226 628
596 958
25 711
618 718
303 488
485 501
90 487
181 972
347 508
4 843
422 494
481 930
8 270
428 667
70 572
161 368
472 859
643 660
419 936
632 717
69 764
90 313
311 851
226 969
647 897
248 881
9 821
624 764
182 932
661 805
243 970
268 693
416 640
187 591
687 906
302 364
452 569
382 958
143 580
183 699
753 826
408 703
944 977
107 133
224 423
115 654
136 637
49 268
361 754
568 608
219 764
373 379
46 83
488 651
325 504
606 907
76 946
495 968
426 833
172 349
137 818
124 934
275 924
724 833
712 777
140 786
306 614
478 824
392 815
228 555
249 528
676 819
401 935
328 897
220 407
833 932
225 527
153 346
318 572
600 749
410 683
181 364
392 525
530 783
470 858
159 421
699 848
259 831
186 261
204 274
39 211
266 445
604 851
441 945
24 199
243 509
531 760
552 829
207 947
377 924
103 942
475 527
898 968
635 813
222 359
416 974
342 844
252 714
414 713
87 523
493 816
131 309
403 696
96 934
91 588
133 367
503 507
268 714
514 750
624 792
200 964
8 151
27 149
35 702
135 651
144 870
288 470
274 729
666 759
541 565
88 131
737 810
296 944
188 230
740 907
136 537
16 63
839 961
273 416
439 471
267 334
177 204
608 680
474 902
435 692
563 688
345 915
625 863
606 758
457 829
278 829
138 320
284 826
358 495
340 622
12 361
275 553
168 567
488 788
323 981
168 710
258 600
478 935
116 939
355 597
544 844
29 780
677 992
289 935
475 988
574 632
626 859
453 781
517 920
200 469
61 524
172 939
319 980
428 573
730 973
358 954
677 706
125 901
525 873
401 463
480 788
371 573
7 635
138 998
125 630
181 772
165 399
276 616
117 902
761 802
743 982
406 939
77 755
229 520
88 692
142 913
803 889
61 863
207 693
195 521
235 724
346 615
38 113
353 385
27 192
415 617
221 650
38 448
4 176
888 889
647 862
528 570
356 739
675 829
212 435
255 511
813 983
80 741
464 836
264 492
619 904
140 263
17 212
731 774
637 868
46 169
156 569
121 217
240 761
261 823
357 926
106 158
503 944
253 861
236 525
40 288
404 833
22 496
10 472
444 578
266 942
175 722
289 519
162 271
505 965
271 512
755 805
154 970
945 973
78 165
353 634
506 892
391 649
789 790
405 541
816 860
690 893
276 814
243 437
133 995
371 616
747 773
402 900
209 406
9 62
13 542
855 891
432 691
501 507
484 751
514 948
17 372
380 456
74 623
330 757
60 462
294 920
155 482
229 701
160 412
911 987
91 692
79 579
212 352
70 770
247 958
503 592
588 858
348 535
93 468
277 541
425 778
688 896
670 880
87 902
718 840
636 701
240 662
26 49
136 977
447 931
73 122
491 807
707 759
292 803
991 995
693 857
70 488
399 546
93 777
521 968
497 640
775 839
391 958
124 609
379 676
107 629
309 721
366 930
224 951
10 222
284 913
68 104
103 449
918 932
281 417
530 808
768 989
396 950
272 748
254 966
233 841
141 966
55 512
739 755
320 835
377 790
601 758
67 206
142 700
842 932
12 964
267 641
38 844
422 495
351 415
160 218
89 164
531 957
678 828
570 925
75 457
458 467
756 960
556 664
99 479
8 414
187 864
78 799
249 415
433 736
56 377
274 464
610 928
290 823
9 645
100 578
360 687
40 813
437 821
558 563
409 504
64 179
65 366
545 932
66 961
896 998
308 518
224 457
92 752
827 911
4 430
637 812
563 953
141 243
71 630
473 739
398 674
351 646
64 448
282 443
546 860
178 376
254 471
205 529
758 839
162 708
456 505
145 530
296 642
480 495
228 581
357 807
148 262
497 684
229 381
249 535
33 706
806 967
453 613
257 410
702 820
205 452
578 894
225 526
244 286
229 462
871 915
712 1000
289 809
54 235
129 192
422 591
3 827
397 771
253 329
915 954
54 154
113 766
220 694
149 382
445 535
389 431
104 903
233 805
432 910
691 848
604 963
713 764
91 816
255 817
21 549
25 674
9 229
530 577
38 872
423 806
208 899
246 719
146 457
38 251
151 952
249 458
467 639
507 782
187 908
665 780
669 812
504 760
636 801
134 697
203 486
847 913
312 767
244 762
333 791
265 527
69 497
14 402
624 872
170 628
390 845
192 964
390 988
66 596
417 850
19 726
75 910
593 845
210 875
62 664
266 681
193 607
482 900
474 788
145 732
330 336
81 734
44 486
67 927
512 816
361 382
110 803
236 554
37 599
222 621
520 591
98 583
154 213
162 744
386 480
64 714
29 632
73 364
409 818
854 908
780 871
362 882
92 143
111 925
387 871
154 614
300 444
250 975
90 920
110 351
238 272
203 651
82 260
142 602
629 754
578 612
595 958
742 819
125 787
548 584
324 744
38 938
212 905
513 657
424 520
652 912
265 504
195 635
90 335
238 831
222 320
522 720
181 549
136 506
155 438
109 835
494 647
47 125
13 189
17 58
87 780
455 744
735 928
757 920
57 713
79 652
745 928
265 948
675 909
532 862
370 935
277 617
791 995
64 106
447 825
88 352
14 648
589 960
644 775
25 369
831 903
26 218
926 937
376 411
232 698
269 727
608 693
325 447
620 932
404 817
50 601
457 937
383 559
208 481
121 532
449 634
432 872
402 592
335 686
599 973
582 677
472 692
629 726
78 324
29 896
176 508
102 638
266 370
125 823
132 415
316 748
355 814
56 145
402 901
333 667
302 666
472 833
52 69
933 988
19 116
223 252
83 809
303 308
381 864
75 445
536 953
170 411
709 822
122 880
178 958
187 948
812 877
744 843
14 475
779 793
338 587
585 602
714 830
494 786
95 357
207 351
174 908
230 724
303 872
615 707
230 679
835 963
69 235
254 297
698 765
92 668
183 887
2 180
404 512
149 707
870 919
689 982
84 1000
50 136
326 869
420 490
277 367
210 962
118 731
749 923
330 507
407 621
447 640
12 163
201 366
55 95
23 573
172 409
444 726
68 218
106 405
845 958
667 758
542 998
194 528
391 974
124 721
275 721
815 971
119 558
318 657
635 711
251 734
86 669
180 722
592 754
241 484
99 514
668 703
428 480
238 443
209 215
281 706
85 460
553 890
94 666
369 393
320 755
302 839
543 655
47 512
694 745
419 989
77 809
540 647
192 573
263 724
433 773
51 498
360 867
587 740
324 966
312 902
246 275
450 876
218 496
695 870
39 706
722 832
669 839
450 671
126 884
52 895
382 706
164 401
311 706
38 446
170 270
136 434
778 961
674 686
203 330
41 123
580 936
416 753
236 402
883 889
39 945
494 814
653 949
395 909
692 941
269 940
217 459
416 608
92 753
723 849
62 765
361 752
415 471
148 690
374 546
35 192
145 640
280 665
23 867
706 803
357 981
185 540
202 706
186 207
2 954
495 827
196 484
70 469
702 938
439 768
810 916
854 865
287 860
1 99
348 350
210 347
599 663
46 525
50 752
516 981
685 970
100 382
214 482
217 574
55 758
160 938
655 903
33 412
752 788
16 718
328 752
739 750
405 596
82 579
502 600
156 478
60 802
209 332
428 746
105 627
124 185
307 971
125 592
199 297
252 486
293 676
609 803
562 879
834 968
338 975
160 231
549 627
289 453
242 415
61 825
208 787
133 220
329 609
256 697
708 727
511 990
403 555
812 821
688 875
93 490
114 903
294 643
31 564
602 656
774 996
4 508
558 959
633 894
631 799
28 490
527 960
515 904
71 452
348 847
236 261
109 529
277 453
279 283
157 879
84 945
446 824
88 308
469 761
715 753
218 955
257 825
59 373
44 487
603 880
250 520
303 518
33 786
344 589
82 193
136 889
529 774
497 766
370 580
449 883
512 607
103 298
112 711
581 971
376 828
106 493
529 544
1 79
77 220
223 694
668 961
410 653
466 981
659 766
34 241
113 520
422 616
479 617
707 778
228 815
621 944
569 749
271 893
95 537
777 984
65 606
