1000 1000
776 985
655 923
453 644
456 770
615 986
413 808
185 946
401 864
661 872
909 966
371 813
131 602
290 388
201 236
37 638
497 840
506 661
425 769
163 845
860 957
697 850
513 656
670 777
252 643
319 593
13 998
887 963
420 631
73 868
212 616
40 465
788 914
114 533
312 384
8 784
300 554
381 859
633 650
856 937
25 797
552 996
314 475
194 425
39 97
113 348
4 712
194 918
383 493
744 999
787 993
665 906
218 783
473 586
409 990
940 987
102 125
403 674
722 828
1 263
479 724
190 743
73 135
143 684
118 375
286 288
481 759
280 401
356 997
432 764
26 907
517 853
707 957
199 764
271 292
533 971
603 764
423 937
282 527
509 913
127 231
223 338
614 838
62 802
454 458
134 899
261 537
267 980
306 617
265 595
201 550
21 242
50 641
70 250
487 605
327 899
52 396
648 855
546 895
487 571
433 960
76 179
62 319
240 335
248 961
594 776
127 638
792 907
446 844
390 553
260 746
165 933
553 899
408 954
867 917
151 265
328 894
606 796
165 251
128 638
90 851
312 682
59 861
782 822
660 784
58 975
802 806
358 828
488 949
465 574
606 840
328 810
589 730
62 476
842 853
440 493
103 127
304 373
194 408
269 458
53 782
215 275
529 594
38 580
117 953
472 574
380 875
394 720
247 342
188 375
52 577
793 825
303 714
168 895
284 341
314 616
259 722
522 724
113 634
357 694
35 90
249 482
1 350
426 860
413 763
919 921
486 590
770 833
92 707
96 487
265 964
137 466
150 609
172 233
140 662
364 937
233 544
107 369
150 603
185 325
565 860
126 264
451 501
32 689
396 434
142 780
250 959
816 853
324 919
768 927
275 758
512 521
73 965
249 623
383 597
486 623
495 879
522 735
84 428
21 448
80 542
40 150
91 684
170 460
89 987
75 789
8 284
42 887
285 366
58 403
760 853
618 1000
75 519
256 822
720 901
707 877
12 781
818 856
2 232
540 810
105 598
478 509
745 778
424 905
454 579
126 394
473 808
300 316
896 929
560 657
707 921
127 712
591 888
163 365
361 847
441 447
57 88
433 618
106 204
55 329
292 653
259 639
690 929
114 426
409 778
432 945
485 766
59 975
801 944
66 158
164 654
649 765
135 485
420 921
642 655
762 774
86 191
62 475
12 866
475 769
460 813
745 789
426 934
5 690
324 570
400 533
146 147
371 758
184 855
365 404
835 977
323 600
154 248
231 526
537 895
305 991
582 631
868 995
77 254
28 620
241 411
95 927
20 141
154 718
590 959
548 562
219 825
744 757
104 714
4 109
626 627
402 617
238 846
423 668
143 467
242 426
178 525
11 548
113 937
8 247
19 499
688 962
191 346
510 790
62 235
36 122
80 91
202 473
70 994
753 949
168 647
207 841
83 855
273 621
559 837
696 885
23 56
176 998
721 787
805 906
304 842
672 719
88 977
88 262
469 663
259 948
436 737
299 439
135 947
244 933
240 814
279 557
219 380
749 960
92 453
174 604
236 449
338 504
43 668
13 581
431 927
250 649
437 898
319 571
54 777
496 896
201 331
19 643
97 700
184 706
432 761
47 915
255 566
55 135
133 1000
259 632
798 986
301 855
454 540
386 712
284 828
325 743
502 776
402 796
553 959
701 974
249 444
65 885
60 958
103 111
642 690
75 200
38 767
49 212
36 301
230 948
482 631
24 301
127 984
733 953
15 878
48 728
148 911
870 944
26 882
312 841
443 852
46 479
187 974
443 568
23 235
121 421
110 658
419 439
487 774
758 837
248 932
536 847
18 560
189 821
3 595
35 541
343 641
305 813
334 375
95 906
820 859
6 36
56 595
308 793
529 646
224 565
160 373
60 285
933 971
238 549
340 889
97 814
695 887
573 853
550 587
281 454
410 541
769 840
25 659
220 929
185 462
137 420
334 846
11 463
393 453
234 668
506 857
94 928
55 255
635 952
287 302
433 609
13 869
181 804
313 640
202 379
447 760
784 879
151 588
691 992
60 999
298 828
874 936
862 890
11 401
30 163
747 770
349 980
72 117
66 971
84 265
15 210
373 971
39 93
95 693
161 340
284 691
583 884
128 993
283 820
21 277
474 905
400 796
446 785
633 673
170 609
44 798
8 112
584 899
126 858
31 711
634 794
87 284
45 419
679 978
137 599
68 845
271 573
304 751
6 973
280 341
118 128
862 903
300 982
142 412
145 328
382 533
23 598
483 641
101 338
354 948
785 800
10 152
1 966
50 892
215 652
222 388
289 385
41 352
755 787
62 142
72 875
8 683
350 919
339 654
29 235
323 584
16 276
112 505
46 788
714 887
65 491
144 452
164 677
120 230
80 227
284 380
411 754
60 630
513 882
141 710
70 227
680 766
361 612
768 866
95 491
249 991
690 706
201 981
284 988
102 895
291 651
336 513
363 640
268 452
376 770
677 769
115 788
123 867
214 639
199 308
64 726
433 850
231 340
98 851
409 740
306 559
436 959
739 842
244 993
64 581
489 676
65 810
762 967
606 644
220 524
779 908
430 765
450 893
28 990
386 969
53 384
387 416
131 897
458 524
173 262
344 972
68 469
525 563
10 29
151 781
278 414
383 732
557 685
355 416
117 513
768 782
255 901
889 966
506 982
187 592
791 852
148 775
129 851
22 915
698 804
369 374
176 632
193 446
812 886
762 825
78 936
79 495
594 961
300 751
69 138
764 958
170 529
73 79
549 593
126 553
375 854
577 786
592 864
302 666
550 685
332 368
217 898
664 725
274 865
298 648
234 645
760 819
98 329
45 718
799 942
717 847
411 428
932 955
553 893
279 526
142 783
26 132
817 825
466 604
704 778
132 803
468 868
31 363
822 845
422 604
657 957
245 417
179 836
551 786
604 898
646 729
494 538
740 931
99 102
724 997
222 915
882 981
153 168
161 640
89 444
211 533
591 603
200 995
464 779
177 872
489 942
343 380
120 923
657 660
341 680
829 864
207 619
223 280
280 578
60 589
128 873
641 726
18 217
29 702
273 907
33 306
345 909
601 653
124 813
730 944
30 825
540 876
482 484
507 795
146 825
198 488
133 236
530 814
233 521
298 985
222 648
762 799
37 212
16 725
322 396
276 306
688 952
169 339
165 669
566 800
500 784
40 665
882 896
455 739
605 966
453 842
570 640
387 458
497 574
197 718
652 690
245 964
598 647
117 490
320 607
503 961
83 694
300 567
101 158
911 982
246 528
692 907
237 753
219 679
388 985
146 370
208 505
25 213
489 920
249 567
784 913
350 859
548 732
268 366
628 989
145 822
321 992
118 483
33 693
241 691
66 563
317 477
437 463
214 856
809 962
121 434
273 800
252 758
290 362
756 829
495 865
556 613
197 763
424 561
117 595
295 835
238 255
636 842
205 751
333 453
6 992
323 415
795 842
215 661
54 871
507 680
454 497
568 629
5 514
383 608
67 452
594 660
426 939
196 868
228 366
98 417
373 702
868 940
731 772
104 413
85 106
361 837
166 497
705 830
287 614
75 830
19 314
186 668
356 400
285 365
157 718
97 382
510 545
34 957
30 992
288 692
195 810
141 858
538 777
157 907
314 382
643 998
236 688
268 779
199 572
344 587
169 595
327 532
626 675
384 472
877 922
628 925
681 733
52 787
216 844
51 448
526 756
370 511
349 718
132 705
9 889
677 840
16 876
248 905
54 611
396 648
587 625
373 622
123 654
526 851
393 930
102 992
669 694
528 566
79 875
178 678
359 540
175 755
101 662
634 953
63 715
204 783
96 896
281 939
301 366
28 554
435 772
415 943
280 535
273 839
216 273
165 908
233 649
571 784
473 877
813 828
671 973
425 432
65 969
253 716
60 615
400 728
411 892
67 612
64 215
203 839
195 588
75 645
3 887
280 731
5 519
866 980
621 913
197 303
148 457
117 902
174 739
327 937
151 691
504 702
146 611
822 941
171 325
237 718
797 981
318 1000
132 411
794 808
497 920
315 747
521 607
196 760
428 663
61 228
456 944
275 490
217 924
63 75
56 423
221 563
335 483
220 329
54 869
310 836
1 563
550 983
899 947
80 378
494 611
209 538
35 670
262 271
83 491
483 751
276 631
151 712
122 297
70 405
849 899
481 604
188 729
802 964
421 552
521 820
580 787
641 826
76 602
42 298
226 724
424 884
468 957
21 318
646 759
245 677
509 568
10 859
457 562
90 391
42 445
215 684
159 576
609 702
440 585
289 834
464 720
377 721
123 632
134 715
419 897
105 502
18 59
259 872
173 433
276 647
165 762
369 635
390 654
360 845
193 396
391 545
125 500
498 878
402 890
368 768
415 877
700 852
29 631
393 690
279 461
495 837
280 778
325 989
188 915
755 843
404 985
452 691
126 789
13 825
273 513
538 905
124 291
119 750
108 849
23 352
594 670
21 845
788 941
951 964
319 772
533 705
143 227
145 189
415 528
137 988
209 703
281 743
80 406
288 939
165 928
642 760
437 492
510 786
27 348
104 559
