1000 2000
193 994
216 734
584 611
73 276
440 625
461 602
171 828
740 955
632 879
361 734
765 941
328 635
556 835
371 405
413 648
288 398
57 345
187 624
7 831
335 871
375 897
910 948
469 547
492 626
309 745
669 783
618 764
982 995
219 545
350 995
42 432
478 919
707 875
120 596
156 223
126 981
404 811
80 289
425 701
120 707
191 503
110 994
715 851
166 179
583 966
233 643
768 845
395 489
128 172
239 555
186 478
297 516
182 788
642 989
16 374
327 528
257 636
478 871
209 241
634 761
140 143
412 511
181 384
520 821
795 806
616 734
117 148
181 797
510 971
296 691
64 202
174 308
322 654
68 238
747 886
106 441
382 700
18 400
458 731
723 791
31 395
69 884
251 420
262 996
137 192
530 844
385 559
115 229
723 943
334 588
498 573
411 555
111 849
256 865
777 846
560 773
447 932
679 805
167 880
25 500
100 226
706 965
523 882
214 437
416 726
448 620
235 436
95 501
8 549
595 619
130 565
437 951
97 590
826 854
171 790
26 578
294 351
430 654
309 908
94 568
602 672
430 761
459 641
190 421
677 957
111 871
536 567
702 798
385 682
193 212
85 888
370 677
445 843
300 389
411 839
72 508
71 348
438 609
332 822
521 569
107 802
308 929
590 728
367 715
62 752
76 757
369 392
198 757
438 713
495 967
120 534
782 950
240 612
298 877
355 660
196 570
111 179
19 695
439 781
663 856
795 867
204 713
338 343
28 575
250 820
458 742
170 178
81 834
120 867
707 914
195 198
486 621
733 858
221 752
99 930
588 888
387 403
393 952
249 675
159 924
440 584
665 708
10 358
854 879
158 950
106 399
752 886
52 839
260 884
616 815
433 933
621 652
19 922
93 564
426 844
380 539
624 980
398 905
217 677
253 319
550 960
304 948
103 861
358 922
804 993
254 774
240 683
68 539
72 393
185 699
754 956
68 256
383 649
793 933
387 596
118 997
229 275
447 785
34 259
755 887
96 637
613 707
318 492
9 813
393 608
28 95
197 395
237 665
99 840
216 481
240 561
186 408
439 574
369 584
728 742
516 535
497 790
247 536
35 408
72 217
182 601
36 935
103 928
340 825
34 252
596 843
9 560
16 276
141 905
555 780
863 896
665 874
173 791
448 596
712 801
569 920
56 431
187 330
541 675
262 822
50 254
570 879
455 949
101 172
376 933
253 481
22 934
388 546
206 372
318 679
86 116
166 449
391 574
12 689
165 252
222 824
170 927
357 543
30 211
880 903
831 840
172 315
245 283
34 436
259 796
192 670
391 567
535 575
477 691
344 941
199 529
21 396
134 494
335 556
856 926
393 749
519 583
494 877
559 893
102 183
124 384
269 478
180 658
535 967
238 829
386 496
207 237
639 659
363 412
75 96
741 794
406 648
26 612
742 955
227 624
85 849
91 416
590 906
210 997
153 520
44 348
725 786
907 944
514 934
786 835
219 437
588 640
422 801
377 672
340 457
255 884
206 438
5 969
504 541
38 510
392 626
419 591
191 805
612 675
340 464
33 66
715 843
147 893
390 576
63 122
516 799
302 657
103 559
509 884
187 646
227 649
221 443
60 562
349 796
385 920
62 128
436 896
642 759
408 631
361 870
124 793
142 854
159 668
452 768
180 397
402 899
264 309
446 456
484 795
170 579
433 872
231 821
412 516
331 604
429 839
56 758
218 397
37 258
148 657
188 357
208 619
179 977
401 417
183 546
199 820
371 861
178 548
693 861
197 697
239 295
403 832
614 684
84 123
133 519
99 756
79 511
209 372
217 865
550 763
7 590
618 619
303 898
290 405
294 707
250 263
538 622
378 675
481 828
227 455
525 746
268 886
657 721
106 873
608 763
58 660
800 807
253 887
179 588
18 156
37 219
94 435
536 726
224 429
115 251
21 226
350 663
299 538
558 700
243 402
688 842
451 535
531 849
17 555
128 135
720 988
55 803
859 918
739 803
441 740
208 228
228 239
209 971
288 550
364 932
71 816
664 930
717 1000
59 485
149 465
333 927
10 803
340 506
90 526
1 428
272 900
535 636
552 844
260 731
7 89
212 970
319 790
341 767
160 869
98 122
211 508
30 750
142 281
454 906
80 347
601 783
250 272
344 853
621 762
521 881
80 633
246 577
177 818
87 862
292 294
573 777
191 337
91 965
609 733
204 279
60 185
190 556
909 973
412 638
310 943
97 753
936 949
81 501
85 485
341 390
694 833
259 984
208 581
671 681
360 640
786 987
130 205
150 573
412 710
857 969
521 897
352 655
645 843
186 954
108 946
539 872
295 491
3 986
82 577
393 461
162 444
38 417
558 728
359 848
93 495
130 196
155 244
191 327
184 239
556 639
758 967
189 354
816 911
396 662
455 483
2 829
494 944
44 160
734 796
18 925
76 529
885 940
279 397
298 445
136 997
58 698
580 910
288 490
511 739
347 578
221 921
80 652
482 487
188 952
652 885
397 899
453 775
899 916
64 432
34 846
243 636
523 805
284 989
209 775
233 424
418 746
108 776
56 456
109 631
12 690
21 716
206 418
389 995
191 555
362 881
238 530
403 571
649 823
170 815
66 470
670 671
103 977
380 909
254 946
518 979
248 968
101 618
766 963
123 591
141 495
291 478
704 810
438 985
526 626
659 664
34 832
36 663
556 829
170 733
135 808
282 819
392 581
533 629
38 710
501 936
299 701
785 983
534 586
499 565
631 740
138 139
194 316
677 870
179 839
788 863
864 935
225 883
318 639
26 222
424 611
719 813
333 824
642 960
720 923
94 490
334 974
522 887
277 630
114 824
97 544
522 681
66 893
688 768
194 931
173 231
285 654
476 499
234 563
47 357
158 312
219 314
276 803
5 817
227 609
657 756
311 943
240 756
59 168
96 670
314 871
141 845
57 728
884 948
26 265
597 990
180 819
511 693
477 976
794 952
47 760
691 796
413 510
1 49
312 708
647 816
153 366
787 853
15 124
200 286
26 272
474 539
57 927
43 201
248 858
281 748
616 703
266 815
69 660
493 756
280 436
580 765
616 718
106 683
610 734
573 747
70 346
218 684
791 915
738 797
243 361
563 743
161 721
131 489
479 962
501 774
942 995
32 98
413 496
362 831
365 877
482 587
517 672
421 572
150 234
245 915
446 524
175 525
582 967
378 635
396 955
21 989
557 763
87 620
713 901
121 580
503 843
56 367
53 904
542 997
29 686
395 690
298 721
327 606
166 438
460 727
746 937
211 917
414 794
628 984
224 430
494 914
99 660
64 71
638 703
380 750
275 618
372 823
13 259
16 105
329 872
535 727
168 308
458 770
257 575
651 933
102 124
235 515
361 524
363 784
221 605
916 995
387 769
156 808
199 906
94 990
681 805
757 940
445 859
103 576
455 685
459 476
375 832
107 786
697 982
94 333
296 388
633 976
196 690
54 560
471 777
149 159
98 131
885 976
248 748
299 469
428 759
892 934
496 927
761 895
84 193
670 712
591 787
712 782
702 937
446 778
18 479
91 831
550 849
313 668
685 950
79 475
423 852
122 603
668 879
484 725
287 469
752 952
434 596
236 387
148 877
75 775
564 994
284 810
174 953
654 696
822 997
240 853
151 475
480 926
199 559
555 574
94 629
353 923
245 413
47 92
265 522
15 584
311 603
347 898
224 733
462 828
341 634
567 650
952 955
248 803
338 861
378 871
150 482
392 706
437 996
848 981
152 695
5 672
227 272
412 787
539 654
139 150
286 459
128 933
225 766
561 836
270 895
87 208
899 919
920 997
24 218
190 203
317 961
379 619
349 539
498 768
906 990
52 159
786 965
243 748
505 579
713 972
71 297
220 671
166 455
385 502
350 352
220 449
632 875
151 486
466 500
145 796
186 448
353 507
44 473
260 686
154 169
317 587
212 426
584 861
328 380
236 541
37 604
153 572
265 507
103 207
158 181
107 197
200 331
218 317
497 831
443 839
316 898
192 656
375 826
378 880
306 574
342 874
537 599
526 627
131 883
243 589
503 626
92 452
232 735
358 596
456 626
204 298
580 779
482 826
175 696
87 554
287 914
75 937
177 300
398 802
279 400
286 404
21 959
299 693
237 481
328 654
133 875
328 435
256 671
582 841
324 617
275 688
614 863
616 873
337 738
428 703
654 896
358 824
50 700
313 393
69 784
604 727
1 731
252 823
275 987
310 997
384 871
426 661
337 825
304 564
107 652
349 711
302 804
621 698
34 874
127 332
366 890
349 632
213 883
670 779
866 974
41 646
17 956
438 495
369 820
23 643
224 225
848 934
297 974
432 680
12 940
252 982
217 377
144 797
656 840
560 986
283 937
484 660
451 772
300 551
28 105
526 679
214 750
413 502
165 731
109 472
368 777
572 695
62 828
393 816
446 522
600 696
33 265
91 994
419 612
331 781
261 702
639 809
533 770
129 911
594 679
79 505
800 802
729 989
640 896
775 813
133 242
191 859
217 500
113 685
517 577
150 894
265 814
109 132
203 451
238 349
133 671
80 549
906 913
156 842
87 802
37 943
223 536
405 971
897 952
219 481
226 373
116 654
221 777
40 352
149 253
686 897
24 660
494 811
193 823
15 192
309 701
28 77
104 593
502 587
142 648
570 760
707 919
92 943
274 809
350 958
465 750
210 939
160 214
70 553
399 663
71 666
517 555
678 808
149 956
521 552
78 263
520 544
179 717
92 717
755 874
3 539
756 891
259 283
97 340
477 496
466 684
247 703
70 156
127 965
719 892
196 706
32 675
680 698
293 867
423 815
82 879
77 466
258 300
120 662
876 975
400 741
717 920
132 453
375 642
211 741
715 718
570 849
222 409
315 643
115 494
488 519
108 183
703 806
502 918
598 891
168 584
101 342
104 464
328 579
310 599
60 363
903 993
194 587
104 725
34 685
141 828
91 932
316 519
65 372
104 868
341 633
643 758
27 333
194 672
195 531
897 925
355 770
407 837
748 800
110 487
348 995
257 804
259 968
521 874
508 761
606 870
92 504
719 760
300 346
212 607
345 583
370 956
41 703
298 823
150 267
85 978
70 105
843 996
538 605
27 806
263 979
968 978
326 790
701 826
205 490
706 912
29 668
352 551
331 893
78 251
243 751
522 856
900 976
525 904
674 911
703 861
320 463
175 693
115 172
687 868
357 540
201 557
241 582
391 786
570 996
82 180
192 412
3 468
459 579
297 823
515 551
22 158
686 735
435 539
2 74
172 560
199 265
309 398
50 388
106 620
255 566
53 831
169 863
262 314
250 335
213 953
74 779
163 332
664 924
55 604
354 523
101 371
375 628
341 708
88 611
767 898
487 586
91 735
312 672
354 506
522 994
62 769
528 560
157 743
361 769
964 1000
239 415
230 557
344 864
790 798
351 551
410 448
128 716
381 406
664 995
117 683
723 781
560 788
178 865
355 948
598 718
450 896
416 709
92 622
310 700
613 829
57 915
186 873
42 217
592 818
117 889
298 510
140 461
164 782
127 922
129 146
232 678
770 999
59 718
232 565
308 412
753 758
36 313
389 957
547 706
456 759
163 717
330 839
244 894
246 467
411 711
893 898
416 868
435 631
147 394
578 954
282 789
585 596
473 998
153 992
140 298
12 759
343 344
532 880
308 976
460 827
210 674
637 777
58 542
168 519
151 673
227 913
285 368
330 977
591 643
78 626
118 709
594 862
313 854
64 641
358 616
95 623
114 657
294 606
39 793
164 980
808 944
491 723
20 795
94 685
98 253
425 558
506 800
748 871
115 985
757 991
153 180
136 220
191 757
360 890
57 395
517 575
90 318
475 773
22 220
725 941
501 781
444 723
317 912
66 656
545 834
474 801
571 629
261 909
650 876
7 100
230 290
90 938
342 523
397 595
108 624
40 805
132 715
591 657
635 769
513 897
201 967
37 740
23 138
794 922
715 865
275 620
19 364
614 923
26 999
45 863
248 736
84 334
781 853
508 735
806 807
334 914
427 547
445 661
186 198
77 106
259 644
242 542
463 620
213 896
15 857
108 269
783 963
456 651
183 808
789 829
723 847
43 762
46 224
720 982
791 832
423 490
196 926
81 96
454 493
899 957
150 768
264 687
391 622
476 663
369 446
79 554
225 527
64 907
122 606
601 635
499 991
373 954
282 308
343 854
803 852
129 882
224 688
243 332
484 703
123 540
255 764
69 179
438 477
783 824
537 863
707 789
713 991
94 857
23 57
54 271
385 965
482 908
417 676
805 985
440 771
41 81
427 527
923 969
253 348
533 975
143 493
347 590
45 666
784 790
95 117
51 572
22 101
207 508
245 991
322 546
765 782
786 968
779 804
213 828
547 938
2 343
4 599
544 932
523 632
319 387
111 813
458 702
422 904
276 470
165 255
351 595
176 733
104 479
879 893
572 640
776 901
355 923
315 860
906 988
285 679
36 136
19 80
554 880
73 591
151 599
111 112
75 812
201 918
128 402
365 667
441 973
600 918
221 689
442 718
78 80
598 698
555 993
441 687
306 429
548 956
107 849
165 939
349 820
388 932
84 522
741 797
81 463
9 186
339 444
531 797
453 903
419 500
593 639
116 349
410 657
622 642
722 739
121 306
104 278
52 587
161 868
271 316
284 716
126 806
127 459
440 637
20 182
27 780
359 676
394 495
982 996
621 780
571 885
905 976
382 434
79 827
598 918
105 885
824 891
112 737
81 675
118 157
709 982
56 137
203 874
102 202
57 801
42 55
446 998
448 540
560 957
26 707
333 965
321 466
194 832
911 978
77 362
172 911
139 452
123 219
394 810
729 863
590 920
238 557
525 595
397 703
465 860
674 939
322 651
199 723
536 952
261 731
98 418
784 871
394 834
767 811
275 595
2 745
420 966
297 931
577 891
34 867
501 595
500 717
673 981
1 365
166 384
523 961
921 951
398 710
8 690
632 919
113 915
384 661
409 485
104 234
360 447
29 181
747 896
144 475
509 770
147 621
369 525
300 649
137 204
840 878
159 616
199 705
400 644
225 369
483 885
139 410
453 988
831 929
652 655
101 159
123 277
68 104
434 805
199 920
591 651
565 689
59 724
544 884
190 430
340 574
92 738
225 394
317 943
284 294
853 888
414 929
401 947
20 344
3 224
50 368
801 979
734 965
535 812
451 876
358 648
213 474
567 731
184 302
460 491
227 903
603 707
413 773
215 708
382 556
509 956
368 709
49 545
73 561
150 671
308 376
96 621
601 704
449 776
66 822
382 708
589 905
623 965
129 513
81 264
303 611
515 756
402 529
310 755
138 928
157 281
452 545
456 505
111 667
338 440
677 851
490 946
452 474
369 698
282 934
96 723
65 463
104 745
14 384
141 776
75 761
96 285
365 991
500 567
161 282
324 818
142 484
257 526
630 933
189 364
85 965
272 402
20 848
367 749
51 228
146 240
119 198
585 665
554 721
258 434
376 516
763 845
141 455
350 370
26 659
8 613
389 424
407 985
47 716
359 448
911 994
94 290
385 529
79 961
617 893
657 876
382 761
504 615
472 912
147 453
537 666
184 441
151 576
253 741
162 721
459 606
143 968
223 500
78 834
64 610
212 891
157 475
655 827
602 949
105 493
269 802
461 570
98 171
152 879
481 878
138 440
873 976
240 467
455 840
242 884
171 432
253 766
437 712
404 797
49 780
727 986
466 767
674 997
110 968
218 473
143 838
510 863
12 917
539 664
569 750
117 557
423 930
580 768
484 604
11 401
89 767
676 968
101 692
548 735
3 312
62 789
564 792
728 849
766 884
510 540
797 803
194 398
766 967
175 719
721 988
811 862
85 541
283 307
375 823
670 957
626 851
165 827
375 633
603 666
628 642
443 627
116 704
546 653
713 786
3 334
423 436
528 586
88 241
415 819
52 418
253 649
165 851
457 983
118 360
38 105
852 949
303 448
531 805
839 932
91 423
36 87
370 649
848 948
208 974
435 768
10 424
391 398
251 795
255 654
40 949
63 941
100 953
118 839
247 826
88 929
32 638
572 677
258 573
45 920
302 659
30 201
332 785
97 457
815 932
570 622
165 266
129 953
793 927
242 431
298 784
856 858
301 667
30 491
83 638
429 534
53 630
338 592
372 394
771 795
187 669
337 934
33 954
173 307
89 105
345 873
646 711
460 909
595 720
246 671
409 649
138 898
583 756
32 385
180 716
678 776
353 817
427 598
706 887
119 819
255 878
295 420
231 444
289 779
498 844
157 713
84 863
395 521
586 626
144 476
24 119
173 404
47 848
853 909
277 406
330 887
433 947
31 808
529 745
164 805
555 930
591 650
445 503
284 462
554 841
717 864
22 210
118 326
154 903
88 789
456 857
132 806
299 937
798 968
69 531
106 303
320 957
64 354
134 432
873 922
177 712
507 571
273 860
58 256
78 312
478 701
339 994
207 219
13 995
231 684
439 931
135 991
122 586
526 558
433 624
103 957
398 477
739 985
149 847
245 310
615 972
140 902
569 780
233 937
571 679
94 447
296 498
10 35
7 712
107 135
273 297
607 649
295 507
540 956
150 783
708 813
545 850
747 833
474 817
627 970
6 773
268 865
105 980
112 509
95 305
351 396
119 565
467 643
600 663
158 670
12 573
17 251
94 422
168 771
634 890
677 850
399 513
112 278
241 280
210 895
586 959
845 930
148 246
366 496
511 808
406 795
208 579
7 77
438 774
402 415
257 266
140 367
489 884
179 678
78 269
618 987
540 946
564 918
548 676
574 700
812 830
407 673
503 984
106 259
143 556
181 814
311 606
194 427
204 669
31 988
87 944
202 394
113 839
187 911
243 827
262 830
175 477
270 341
183 365
281 285
198 715
45 978
196 322
490 797
368 940
370 589
828 836
189 381
432 957
175 672
110 635
91 144
574 735
205 978
281 373
106 482
267 589
576 596
422 998
63 431
102 894
486 515
165 982
668 889
188 966
7 201
766 986
508 619
444 559
351 605
501 762
271 607
171 283
121 181
491 999
38 295
735 962
534 701
150 842
