1000 10000
534 556
241 317
484 919
67 137
33 41
290 696
39 471
333 758
281 811
432 649
158 483
290 555
83 780
377 559
161 318
329 652
553 620
652 864
515 552
274 390
147 876
386 716
812 906
155 393
100 948
817 996
74 299
39 539
351 773
140 434
213 868
35 604
89 302
58 807
256 931
39 1000
156 644
231 320
594 708
260 634
482 822
286 766
288 611
418 558
109 757
274 586
227 630
675 746
107 476
72 949
754 893
594 998
939 981
170 794
870 891
379 956
430 808
892 979
567 825
98 616
500 948
11 867
84 683
46 504
214 878
280 832
387 932
375 729
505 971
128 820
21 55
581 943
376 856
214 584
710 717
16 985
396 573
148 174
168 676
67 438
529 669
620 730
275 293
9 497
121 885
525 826
266 371
363 829
337 846
467 875
454 551
20 309
596 788
639 854
696 994
159 802
441 713
47 845
138 619
235 549
489 821
296 447
114 666
683 829
389 954
593 712
32 216
62 484
264 315
230 634
469 494
402 473
277 539
297 309
118 911
348 640
628 968
504 894
106 990
568 583
442 444
465 629
175 402
178 338
58 652
3 261
758 889
101 554
13 356
179 580
1 356
519 670
832 874
107 742
607 669
171 581
337 349
284 892
598 944
140 760
107 631
862 997
93 696
383 962
44 92
153 323
211 693
185 850
67 402
72 508
119 478
581 677
655 930
241 372
114 250
699 934
122 721
690 799
730 784
472 512
219 285
54 478
60 799
280 391
834 882
337 682
601 613
66 488
431 672
401 405
609 774
42 385
665 901
226 853
484 653
380 494
381 771
57 949
4 84
118 350
360 514
92 829
4 251
316 821
243 975
47 71
58 876
791 836
4 138
294 868
117 271
120 541
154 315
13 196
218 642
183 692
39 944
615 657
317 846
709 732
217 458
456 654
4 424
248 304
28 566
50 218
588 606
439 460
684 925
460 937
170 835
926 998
267 295
434 716
92 272
758 837
63 689
483 949
68 281
418 824
128 990
71 662
2 955
97 511
227 876
306 613
144 328
343 374
183 233
22 297
23 576
245 592
11 56
121 610
676 830
806 965
272 556
607 774
112 811
261 432
297 911
500 642
430 685
366 815
292 694
497 908
186 401
298 695
707 785
284 614
294 395
259 800
685 858
946 986
357 505
314 428
428 596
67 172
488 503
342 502
531 765
808 918
424 927
42 466
280 483
378 458
178 658
289 363
221 784
20 493
475 512
635 814
263 827
484 722
514 971
397 709
252 342
143 481
200 745
42 244
117 592
463 580
800 968
143 278
238 912
320 365
468 925
714 917
386 664
35 675
202 208
173 593
231 351
359 362
567 641
490 727
161 861
1 736
973 982
633 893
260 903
193 428
286 643
641 944
163 340
112 316
204 740
260 534
317 963
728 982
16 50
399 977
145 722
754 854
615 923
124 854
140 979
1 307
435 697
314 810
54 824
625 860
332 698
132 978
22 346
362 993
573 581
81 783
278 675
281 381
500 887
376 829
301 770
413 840
340 984
34 159
551 678
92 137
185 793
292 603
295 356
301 915
729 1000
289 971
733 944
312 404
186 437
354 787
617 911
335 724
859 966
332 894
777 991
262 913
11 403
506 569
180 314
199 494
147 179
381 632
552 796
402 927
220 954
366 404
223 373
584 653
234 778
74 999
700 791
373 553
228 364
235 568
218 262
170 421
522 734
504 679
528 799
14 82
109 176
290 778
518 674
726 961
156 999
769 856
381 956
190 642
566 809
278 289
62 600
32 923
213 980
622 624
878 990
273 359
93 382
205 868
295 998
369 766
37 134
47 349
822 989
291 775
2 174
59 291
741 771
173 343
11 644
839 934
645 761
249 770
128 535
182 350
137 847
671 782
12 185
89 794
291 498
366 538
382 433
884 979
6 923
390 506
802 986
159 203
287 902
309 762
755 806
77 366
150 410
23 648
667 748
245 520
82 452
285 353
195 255
287 791
141 765
811 921
646 858
68 902
21 264
200 357
328 698
932 958
350 699
155 955
137 404
321 471
375 796
816 863
301 665
302 958
87 136
263 605
51 619
233 652
238 255
38 807
441 863
885 924
81 320
69 883
450 919
4 994
739 775
498 939
235 548
548 979
368 387
94 361
296 416
276 766
688 726
504 707
817 950
30 933
341 464
765 984
389 970
821 983
326 415
473 889
117 298
196 959
378 966
35 635
39 911
334 549
524 557
286 840
2 259
684 811
370 969
226 357
101 887
179 937
662 790
740 846
305 963
550 763
111 531
1 458
19 897
662 897
62 801
546 678
227 994
103 143
322 978
288 878
185 518
58 380
645 878
261 697
131 744
64 645
118 584
177 410
97 323
560 933
280 861
672 819
68 196
234 236
55 462
457 587
572 724
280 972
150 422
45 308
232 453
175 977
859 864
764 931
397 796
517 571
55 748
376 595
124 433
15 258
401 618
312 315
134 148
302 986
466 700
270 372
548 642
513 829
203 947
350 550
226 624
172 622
601 612
618 714
358 833
177 768
68 559
203 768
260 473
562 841
635 773
284 455
319 894
303 357
20 441
373 737
194 500
268 595
416 934
364 932
19 259
591 947
167 395
298 310
744 794
688 754
191 513
200 940
130 543
899 960
558 711
195 851
1 874
535 749
41 121
187 579
80 529
463 822
118 121
504 957
852 855
107 232
680 832
36 804
61 215
269 938
217 457
145 356
183 804
112 273
247 701
50 219
35 373
240 693
184 877
124 819
233 460
400 965
236 705
2 9
594 943
461 740
529 792
345 955
253 770
269 541
219 926
22 447
97 510
611 612
82 106
706 848
429 471
132 910
115 206
650 719
335 989
854 871
390 450
56 672
112 812
167 692
24 446
261 447
655 739
396 966
555 599
115 492
33 289
254 993
60 990
350 736
3 845
99 544
137 323
502 559
376 623
129 999
111 201
475 869
258 773
704 893
119 338
377 823
677 810
752 869
368 670
475 658
384 723
385 654
433 982
394 596
643 871
130 814
55 775
596 845
43 967
117 942
464 687
429 691
660 685
277 783
77 557
852 917
83 592
545 891
543 784
263 984
144 956
255 374
221 674
84 366
692 877
126 737
416 672
348 555
369 576
631 872
779 803
231 350
307 310
127 153
456 604
917 945
774 986
792 938
575 609
83 287
156 721
340 438
204 741
524 836
118 871
266 596
70 250
448 910
249 869
106 166
177 192
943 995
269 688
240 544
3 348
79 233
202 740
58 308
470 553
521 773
140 641
668 963
106 378
107 975
9 475
211 989
251 664
363 962
876 921
73 988
402 762
20 61
133 890
483 509
321 458
599 923
119 385
160 968
82 658
177 622
401 562
369 454
540 555
8 748
155 591
618 755
552 797
99 314
713 878
255 935
181 768
346 833
441 691
513 519
130 933
165 284
313 489
619 721
165 237
188 322
80 443
636 832
726 966
178 872
680 762
255 362
476 581
4 188
613 624
562 706
726 817
302 313
369 620
299 889
339 820
92 699
59 290
461 586
796 965
839 929
92 298
364 455
737 955
754 891
793 889
314 860
478 587
931 967
16 174
235 306
171 970
232 716
162 267
70 384
383 603
521 976
6 920
444 717
197 771
716 900
163 796
607 857
371 929
225 587
396 910
954 992
245 809
634 840
910 911
927 983
52 435
149 435
6 484
119 357
856 861
121 996
195 429
90 157
273 587
219 307
94 701
25 750
433 909
158 434
217 790
587 620
38 804
696 996
610 694
627 716
136 187
47 847
285 966
553 590
60 458
27 307
526 795
657 920
35 796
821 933
198 312
18 82
155 407
161 570
183 573
156 891
69 438
674 760
70 913
126 569
98 454
317 808
139 520
286 841
412 540
50 421
456 660
770 874
26 138
126 283
40 482
277 507
124 808
527 683
165 598
296 795
421 572
82 244
46 427
563 895
379 858
72 802
272 292
73 463
115 836
495 800
101 441
563 748
379 715
620 907
127 661
148 366
244 407
500 825
690 729
287 869
128 786
24 419
741 762
396 547
458 904
111 982
186 507
392 534
483 599
449 603
67 404
393 803
33 260
142 614
472 740
401 728
823 885
612 760
81 112
57 511
95 595
920 955
573 991
738 926
246 965
103 816
57 104
476 969
534 837
99 370
470 511
894 999
437 750
83 966
562 985
338 889
464 708
178 974
195 564
414 726
255 716
536 920
773 917
48 786
618 892
104 506
514 775
178 929
109 887
570 763
19 371
57 548
222 430
264 330
669 757
285 716
1 873
787 886
93 387
239 937
182 808
117 446
451 742
286 677
641 938
782 814
108 215
24 852
499 754
151 453
45 706
334 689
193 631
175 451
412 919
415 464
420 442
371 428
297 561
580 728
135 977
637 921
35 197
805 809
384 475
440 883
206 286
297 578
832 985
101 588
230 416
417 517
325 372
344 739
702 990
374 963
729 752
185 914
663 701
538 918
945 952
23 691
323 909
140 621
181 375
453 754
57 313
552 629
332 965
587 889
142 578
163 933
65 631
234 626
345 487
626 816
601 726
506 658
471 720
208 1000
635 947
264 810
691 965
33 243
267 673
894 944
329 772
553 996
146 434
21 914
481 961
761 777
463 721
501 526
215 604
329 661
817 876
433 695
229 608
490 928
406 738
388 425
613 714
100 915
874 970
28 80
247 860
51 241
588 952
398 838
277 895
352 944
373 998
377 483
636 940
255 454
169 431
282 854
13 230
857 986
252 788
404 741
331 399
519 796
546 922
156 722
456 684
74 103
524 837
64 433
446 831
250 420
527 626
451 595
41 903
27 724
858 954
182 368
45 968
407 545
598 796
452 990
223 925
97 281
228 613
215 361
279 728
101 322
64 637
710 740
234 293
343 389
186 448
149 188
119 610
372 427
581 857
721 846
78 253
725 782
785 989
626 965
167 953
410 938
548 628
553 806
808 997
129 962
329 855
686 841
411 873
263 648
105 620
40 685
61 745
243 762
172 710
313 488
207 688
88 808
273 938
899 906
259 363
903 946
144 921
622 788
1 800
536 639
277 659
408 990
562 707
523 843
27 116
782 964
307 484
628 832
437 873
39 997
45 616
179 222
52 592
108 136
416 572
221 423
22 824
226 351
524 666
83 314
67 833
227 746
434 944
399 902
187 360
41 850
249 919
84 976
126 335
110 848
970 977
336 908
337 485
269 548
127 752
97 293
395 402
234 246
396 681
275 584
112 742
759 880
390 395
120 241
659 686
271 700
612 630
67 443
609 684
544 877
104 948
285 385
51 847
362 628
168 965
551 827
384 749
7 965
323 496
414 985
604 903
420 670
20 304
941 984
394 621
195 714
17 734
285 852
556 689
375 429
276 760
411 915
415 955
89 109
352 905
687 783
248 714
62 280
196 810
359 718
821 981
136 361
445 481
69 437
412 750
17 26
127 195
787 970
283 379
658 805
917 1000
224 401
131 959
294 601
465 985
608 631
74 191
240 651
633 932
300 941
541 873
139 489
220 244
58 651
408 502
478 548
413 635
175 524
126 250
58 378
810 813
135 146
266 847
429 497
306 636
144 367
309 683
1 234
111 755
339 508
654 837
529 604
101 154
430 660
551 616
823 967
402 545
168 643
246 824
263 268
102 828
161 206
180 734
253 416
595 909
245 780
211 916
410 883
711 759
125 870
203 548
132 488
354 584
479 819
320 856
51 728
587 954
324 556
414 938
540 620
595 747
865 941
539 684
299 375
360 871
159 771
539 605
902 937
65 214
17 331
74 652
75 93
316 833
243 803
446 708
428 951
17 484
456 836
515 613
161 596
493 727
188 267
709 935
545 974
105 983
19 483
57 660
95 308
614 876
139 678
416 757
628 952
187 690
65 274
139 567
250 286
126 421
566 902
291 880
675 726
641 986
2 148
679 882
240 695
577 744
671 674
177 218
508 748
827 864
365 993
483 950
70 446
111 678
158 813
358 453
270 875
107 711
309 655
612 808
645 977
426 621
98 926
193 946
488 830
272 559
440 705
188 755
137 615
488 845
772 847
147 442
93 522
573 768
43 381
595 824
9 445
120 408
67 115
163 932
863 927
272 717
350 742
919 921
81 83
63 199
48 356
655 899
72 362
825 940
241 277
367 829
8 754
578 652
445 899
262 827
466 670
68 766
12 790
368 656
57 139
846 901
65 912
462 914
68 525
12 997
610 652
203 814
259 592
332 394
540 743
243 737
83 884
14 202
114 334
557 720
246 371
528 822
85 191
639 760
126 773
92 877
83 594
118 185
428 923
566 721
161 624
221 672
38 478
277 894
95 155
408 963
632 973
498 723
209 780
688 879
231 459
640 962
252 934
239 972
4 361
79 695
653 836
13 229
53 804
143 934
67 868
528 754
253 593
508 786
473 593
623 887
383 498
248 335
727 841
230 355
265 893
965 980
623 996
296 837
206 456
230 498
892 971
325 454
144 393
681 694
67 531
139 142
603 997
323 701
289 637
698 915
625 849
150 258
396 646
309 739
168 573
194 549
128 219
21 384
668 989
578 863
234 437
492 849
551 560
310 870
112 985
634 818
431 918
68 828
402 760
592 702
247 334
690 851
820 934
198 790
419 699
406 835
357 363
33 45
76 197
422 473
591 678
191 276
446 467
160 168
656 877
125 624
502 858
75 404
259 733
173 895
800 983
584 622
14 81
161 675
454 872
91 686
296 342
369 768
5 370
209 735
247 803
766 785
726 964
485 890
203 441
136 334
65 440
302 319
106 708
666 674
792 793
409 443
389 757
835 861
32 926
269 927
207 247
170 996
118 982
597 955
84 98
619 799
196 612
58 517
23 193
443 965
26 39
357 567
253 998
41 994
461 729
211 462
267 352
31 219
858 927
698 964
334 392
121 317
529 998
292 900
793 921
284 788
230 248
234 247
1 62
491 748
470 954
676 881
287 784
272 631
2 640
422 569
133 698
423 464
29 889
569 668
242 908
538 737
3 886
703 745
216 783
214 302
107 826
147 355
534 605
57 481
321 468
781 928
547 706
414 847
595 718
372 733
267 667
240 403
96 663
116 730
838 957
432 681
454 938
570 899
290 587
207 742
48 921
30 537
195 602
394 765
240 369
562 898
134 747
235 694
769 776
347 804
459 942
209 827
748 872
537 881
187 568
52 646
623 713
537 994
294 719
244 942
210 522
227 696
190 524
504 787
247 549
101 995
123 635
287 402
779 877
640 825
236 314
628 980
80 854
45 732
546 963
156 539
32 553
291 804
3 248
5 810
80 997
286 617
378 534
165 596
337 439
139 377
783 844
188 906
447 655
139 214
15 843
179 761
625 793
555 846
572 864
366 565
413 924
91 366
702 770
99 811
500 682
376 888
470 966
517 663
113 635
228 796
64 981
245 922
11 254
45 322
180 735
586 614
626 955
362 710
402 689
385 389
337 908
245 779
135 337
391 747
195 506
525 969
215 999
648 696
152 295
377 792
51 731
78 468
635 937
63 384
358 836
535 810
610 745
411 848
17 697
238 777
4 961
556 662
467 617
181 759
229 731
131 367
294 777
373 768
675 874
398 795
75 186
154 263
562 648
641 831
622 700
127 230
71 479
352 355
683 729
633 982
563 959
286 570
260 717
117 222
568 982
219 610
325 481
37 445
520 601
563 861
68 261
456 511
228 579
634 714
229 278
448 579
654 695
487 674
589 630
236 994
20 855
54 963
10 365
375 669
410 515
335 990
305 351
91 330
111 903
23 717
271 759
272 703
366 819
572 618
521 712
224 728
497 896
668 873
81 193
531 547
436 805
453 641
216 711
431 610
324 754
256 370
155 612
134 375
29 67
319 953
643 987
146 289
254 710
152 690
116 739
372 789
433 971
450 939
30 695
198 725
610 653
583 706
674 890
89 138
200 749
385 941
632 752
652 889
49 788
38 76
41 440
95 117
683 889
5 285
726 953
549 848
773 792
614 958
136 339
523 801
477 838
191 772
286 884
545 602
101 827
637 857
322 708
737 803
3 163
26 192
253 961
145 726
46 118
625 711
407 547
102 185
233 318
54 828
681 710
242 564
98 560
505 562
6 834
392 754
427 795
229 411
138 474
379 610
573 690
6 221
565 578
234 434
9 472
12 725
90 789
163 579
147 326
829 830
629 764
82 657
176 470
391 563
52 329
553 804
552 881
4 724
846 887
21 722
405 627
211 828
108 544
446 464
216 449
394 631
51 384
109 394
420 715
596 876
319 691
234 921
463 548
100 802
709 860
454 873
244 693
278 475
522 685
583 964
421 449
79 741
778 898
571 885
165 972
170 594
117 451
268 459
434 991
161 893
416 574
89 674
257 638
239 848
930 952
80 875
26 36
10 737
283 703
139 463
1 482
131 867
150 205
81 572
280 679
529 852
141 390
3 445
135 168
672 956
362 958
76 832
702 916
853 868
457 595
261 611
86 536
103 474
509 927
516 795
478 906
285 494
68 898
254 941
113 559
93 625
721 936
544 879
64 889
157 212
121 888
107 829
271 860
290 503
864 976
204 337
6 475
501 817
11 435
56 808
526 589
535 769
94 563
539 706
60 743
422 506
725 755
158 448
143 436
170 498
800 901
325 662
661 664
795 922
9 769
433 765
821 930
622 839
535 596
334 783
170 276
460 510
264 337
669 750
9 658
348 639
259 470
61 94
562 741
86 499
70 916
415 731
260 948
106 584
88 211
31 523
930 988
291 854
244 990
226 353
45 731
615 761
175 296
197 416
226 464
227 921
563 979
49 361
417 653
396 410
399 789
330 402
187 487
426 853
150 233
392 989
337 438
14 904
400 876
594 854
135 140
550 985
491 570
318 953
390 474
525 661
853 888
250 815
128 789
272 453
392 650
379 554
806 813
128 132
402 543
167 797
172 181
564 727
52 483
159 457
253 446
538 706
208 225
372 540
10 59
68 885
147 382
475 797
76 296
302 990
410 992
273 564
181 931
885 971
82 1000
212 975
146 333
203 772
94 559
761 882
173 932
635 793
126 924
296 497
114 296
78 759
62 216
652 854
172 648
748 943
605 978
200 833
75 95
131 449
403 676
242 452
429 732
51 150
515 615
473 808
244 749
79 556
5 329
190 719
140 480
947 976
535 745
347 944
57 666
408 792
210 604
302 372
161 948
917 921
314 590
352 757
688 931
361 617
268 403
179 792
311 367
519 842
244 818
193 628
545 671
49 260
532 899
371 433
188 841
317 555
129 285
370 715
97 385
228 765
84 889
710 989
430 869
343 668
182 282
612 859
59 77
793 935
137 907
448 580
569 904
70 463
439 798
278 664
824 826
419 466
37 879
96 165
149 165
607 781
78 117
702 831
64 899
655 751
401 808
163 985
555 587
569 731
497 784
595 939
586 746
842 880
94 745
299 439
109 276
643 986
185 444
441 810
63 423
267 674
192 543
450 987
877 928
347 577
276 707
482 488
216 260
161 645
553 651
330 820
38 77
204 861
276 690
481 672
591 915
248 661
683 888
799 906
311 572
60 380
389 526
545 1000
231 453
51 99
593 932
227 354
126 628
92 572
735 986
154 395
597 933
321 618
737 802
130 432
149 660
611 857
156 604
396 467
131 774
425 613
135 822
61 473
374 512
434 749
606 879
590 624
664 754
974 979
407 546
616 927
654 737
7 393
270 837
15 898
162 338
698 768
901 941
349 736
388 752
525 733
301 893
819 960
343 390
419 462
295 355
500 739
450 456
267 770
305 459
16 514
733 907
220 738
284 583
86 735
416 439
270 534
272 811
510 623
350 704
521 628
24 188
59 533
462 722
212 801
337 971
216 676
259 912
61 516
225 894
281 700
967 992
363 740
329 852
397 514
39 461
613 952
498 817
209 418
243 590
198 566
125 526
234 887
56 107
717 842
220 806
207 780
190 986
69 811
169 861
259 735
579 774
269 298
804 929
347 730
528 931
47 149
14 454
325 979
92 994
161 530
622 795
627 899
8 187
89 304
127 296
308 598
93 456
57 722
350 457
264 404
602 638
896 933
416 575
623 804
537 949
239 851
98 401
260 608
546 957
178 473
197 459
36 975
24 911
496 764
727 879
672 735
67 979
286 627
588 611
793 893
120 935
931 971
306 452
274 870
205 722
353 807
7 348
814 916
318 819
232 560
79 201
362 959
145 979
310 439
370 610
560 958
672 812
716 817
6 815
194 519
51 946
12 404
50 547
733 894
37 807
850 954
261 499
432 879
529 663
254 978
93 624
171 394
409 561
449 748
306 923
591 614
7 945
752 850
198 880
808 964
327 660
424 973
156 284
431 650
323 501
476 993
293 661
95 793
5 33
226 728
522 925
100 225
470 471
75 293
238 883
276 532
170 499
78 664
320 396
290 952
790 801
807 893
773 957
77 608
812 981
360 556
311 759
166 222
459 928
481 744
705 904
83 524
687 776
585 754
360 699
74 329
535 708
536 606
425 993
62 494
134 779
9 738
429 921
175 213
412 745
69 434
89 268
182 755
97 809
460 733
248 427
528 685
554 977
460 812
46 205
447 858
13 444
421 599
131 817
645 695
297 473
741 802
541 870
887 996
589 878
163 480
737 987
150 238
470 651
90 743
179 586
783 846
235 274
508 570
440 970
107 335
46 286
107 732
533 776
435 869
441 480
258 758
600 619
410 557
231 695
702 768
497 521
388 712
258 617
478 980
63 974
232 458
34 192
270 684
552 669
111 978
223 756
538 848
208 339
25 771
525 630
105 237
397 791
609 717
828 937
78 312
595 910
634 872
180 328
534 639
59 605
708 806
329 899
556 882
226 525
170 181
116 649
501 645
156 352
363 684
865 930
256 438
61 701
26 788
873 899
484 804
200 755
494 501
77 691
100 788
372 977
640 731
125 679
536 924
666 855
194 352
268 735
201 516
532 584
95 160
726 770
93 415
575 763
527 836
19 597
684 885
115 744
670 852
412 636
252 867
849 963
866 995
169 337
210 895
14 587
328 462
182 505
508 751
749 999
97 384
810 893
124 959
196 348
641 761
70 445
242 526
520 554
175 658
380 640
76 649
55 440
115 213
520 697
552 746
577 809
120 300
279 801
328 793
292 700
12 563
397 827
281 566
104 911
539 879
99 692
777 822
502 595
177 982
310 554
556 854
117 824
405 718
281 848
319 776
798 815
584 663
648 948
424 532
596 842
406 900
160 254
786 862
308 430
381 688
41 301
53 414
346 648
56 430
493 807
708 734
138 700
87 755
622 892
579 587
14 410
787 918
627 855
277 748
888 981
61 133
44 809
92 573
236 493
165 935
210 720
357 655
545 713
585 996
14 692
698 717
537 585
455 546
277 462
614 617
101 650
357 528
69 172
474 796
145 724
532 928
417 692
201 205
461 643
533 991
36 281
239 498
497 759
611 647
166 908
3 609
205 271
427 797
49 227
270 757
55 269
681 998
457 518
376 946
140 525
261 303
68 831
129 853
189 733
388 934
405 512
467 999
11 393
103 743
12 678
180 256
56 782
609 614
259 544
4 869
151 758
43 905
371 516
725 733
686 845
601 935
704 973
381 739
332 425
159 964
34 575
576 658
259 734
80 289
29 504
263 938
450 687
416 995
1 907
87 550
91 675
271 431
795 801
647 960
192 794
209 732
304 836
198 352
94 145
670 754
285 688
438 642
38 328
465 864
247 578
126 401
344 867
18 668
588 702
455 625
357 675
253 626
53 950
222 791
244 875
597 809
49 323
357 901
546 668
405 511
137 881
154 817
162 260
457 960
292 903
157 543
626 688
168 540
318 530
11 70
250 888
293 848
538 893
707 862
410 744
391 883
305 502
620 721
819 844
225 703
245 820
67 76
910 912
436 799
241 321
794 901
142 681
781 814
32 275
12 985
15 458
78 622
319 832
363 592
146 502
21 982
367 596
170 496
540 810
804 887
535 993
557 789
100 960
229 676
618 773
342 909
436 450
312 720
705 911
657 812
468 979
17 397
198 332
421 483
443 663
170 677
227 300
389 581
193 332
65 409
142 263
398 941
164 347
38 372
39 901
139 527
49 653
305 795
913 996
53 793
4 435
226 383
210 664
338 357
301 367
176 520
269 785
18 531
727 882
20 600
340 713
239 453
679 936
572 908
900 939
280 820
262 388
135 142
634 693
177 412
22 260
301 819
672 841
141 650
362 803
573 647
157 404
94 977
275 729
402 541
497 921
850 927
232 346
56 1000
3 855
333 452
544 909
135 338
99 667
445 635
190 294
320 860
284 319
660 962
481 847
354 567
405 681
6 340
229 917
364 764
610 740
574 795
61 700
207 854
83 860
228 339
48 553
414 584
346 770
22 713
367 616
248 780
549 552
235 518
380 485
414 731
226 991
151 796
562 933
360 521
394 879
291 649
200 978
809 836
133 386
765 871
86 418
71 186
18 962
75 191
101 947
778 856
605 611
235 949
53 716
221 378
369 559
338 438
273 289
486 977
491 877
257 981
370 886
277 282
580 709
102 257
124 841
123 870
455 863
495 978
461 670
112 580
319 401
380 641
148 271
410 526
598 983
211 745
845 858
336 374
107 985
129 223
100 358
137 756
169 683
629 741
43 142
337 894
103 851
108 575
350 516
132 351
885 941
397 621
327 492
240 478
80 183
596 843
262 601
88 674
161 298
159 995
678 849
293 317
442 985
481 565
640 696
566 570
237 400
96 944
406 743
100 920
84 261
895 991
588 949
130 765
562 728
160 332
895 940
558 596
192 989
680 802
260 910
359 496
1 618
623 883
18 712
165 823
459 550
286 533
378 730
123 917
148 606
22 115
560 694
171 855
460 964
76 968
434 634
948 960
550 916
111 710
555 890
97 284
671 928
767 779
280 923
488 798
197 954
201 447
275 672
646 881
811 946
721 816
208 284
206 827
135 261
102 760
216 823
397 862
234 448
95 513
794 942
262 904
216 678
552 884
73 855
57 58
350 593
8 658
480 959
134 342
7 988
565 914
52 251
489 551
164 797
328 611
402 918
367 962
150 940
449 465
713 784
419 925
989 995
310 678
484 765
198 583
643 726
97 688
61 853
344 471
145 218
553 741
182 971
127 500
274 510
769 800
403 734
558 662
361 884
105 770
285 542
423 688
602 717
745 943
118 955
240 789
226 344
232 901
286 742
452 650
75 933
482 929
606 958
496 589
230 402
303 546
165 525
370 529
421 915
131 757
62 927
174 309
841 984
469 903
128 925
71 855
107 754
202 514
478 879
449 855
586 876
436 587
224 933
393 696
76 545
3 749
305 501
287 685
552 562
292 757
96 478
439 614
224 643
25 982
157 209
86 761
414 800
107 830
233 740
17 951
510 792
65 931
68 562
419 808
385 712
260 492
7 593
27 408
29 298
144 732
364 959
352 799
464 621
502 981
85 115
773 972
460 505
140 511
32 208
326 406
260 800
425 999
356 649
490 647
57 748
460 735
136 765
14 706
236 310
593 883
334 607
207 215
425 641
407 785
545 752
71 533
524 921
62 808
121 364
491 942
404 879
387 635
188 902
598 857
676 947
400 766
258 756
611 734
390 473
48 128
488 967
270 771
362 800
345 834
242 714
120 274
103 507
254 893
453 536
275 728
258 534
224 816
65 764
569 700
863 934
55 741
349 968
24 71
371 816
100 466
10 38
101 103
293 597
59 607
651 819
302 989
543 737
29 123
342 482
73 879
293 550
366 484
60 791
842 938
61 586
513 679
18 383
713 863
660 946
475 572
851 969
17 701
570 931
282 555
66 130
610 967
167 384
652 800
100 997
382 715
847 903
294 781
153 687
463 910
173 724
622 721
127 285
680 696
437 827
95 307
593 957
888 955
101 946
322 589
236 395
240 974
494 823
944 972
140 193
508 779
1 525
369 703
541 727
31 889
163 305
580 710
597 736
317 552
250 509
469 861
202 376
495 989
3 361
59 209
427 533
121 264
569 796
659 926
202 715
292 841
59 78
793 932
261 646
295 538
137 904
167 591
48 221
232 522
366 981
516 696
10 361
29 539
525 694
379 602
551 698
236 877
99 843
595 846
154 520
135 403
565 618
270 654
401 813
682 694
555 588
457 761
703 732
525 920
91 108
592 727
384 908
116 969
685 850
690 936
513 993
90 172
270 424
510 705
432 535
531 773
158 381
574 677
21 555
6 305
134 506
225 960
263 674
220 861
501 520
263 819
450 982
160 240
17 665
696 930
437 716
576 648
4 929
640 697
456 790
1 941
97 516
96 945
423 574
27 241
243 770
84 262
485 833
291 676
398 840
43 619
40 243
165 980
277 746
188 411
896 988
822 862
438 599
706 715
451 712
14 698
219 676
71 447
588 747
6 762
745 748
27 829
232 825
196 668
32 597
288 719
805 870
308 770
560 695
10 600
12 62
269 681
254 505
625 763
310 319
296 729
741 969
390 647
306 430
22 338
225 326
206 239
797 984
671 931
49 144
197 808
77 322
479 690
388 755
353 762
12 499
646 886
349 622
99 871
371 970
250 981
241 458
129 826
635 646
393 893
525 956
772 959
612 702
685 694
263 480
119 271
454 560
254 742
642 666
76 194
328 612
132 316
186 526
78 528
6 285
761 958
268 812
216 453
358 768
109 390
77 744
83 791
543 991
583 674
32 471
397 737
34 573
74 638
695 816
255 573
330 708
95 964
596 735
85 94
433 725
105 880
363 404
593 731
153 758
79 624
117 685
69 586
631 980
247 943
602 714
412 640
334 977
79 662
322 693
417 923
818 949
486 783
311 336
6 742
615 806
175 385
36 89
296 806
267 359
457 885
3 417
67 754
16 820
239 272
441 457
297 813
279 645
436 596
224 934
370 496
297 958
101 352
376 865
67 272
124 711
110 406
116 867
859 909
238 314
21 272
439 609
371 855
685 777
500 625
301 512
472 702
489 736
785 947
197 703
552 962
314 509
65 561
655 966
68 684
363 820
15 423
164 931
255 866
80 82
99 718
299 496
837 880
656 831
165 455
350 989
248 899
708 995
310 643
539 631
173 973
70 607
821 829
164 528
570 639
536 899
317 494
174 585
265 659
123 419
251 342
51 190
274 483
222 437
79 596
62 258
653 677
160 262
473 833
60 295
463 858
389 579
140 222
770 869
221 389
519 866
120 744
580 860
602 960
92 662
1 593
679 836
774 820
351 663
839 898
236 725
129 309
880 881
334 382
693 829
92 436
607 631
832 867
269 578
702 948
224 979
335 961
409 839
249 512
470 616
224 834
261 579
300 495
449 931
551 614
349 598
388 602
372 489
768 936
676 737
372 536
138 240
548 571
159 602
932 986
384 848
115 310
150 779
502 586
963 996
747 845
454 745
57 113
78 473
405 695
25 723
172 614
209 350
48 604
547 626
217 891
660 947
181 976
75 373
557 597
372 941
531 966
234 842
420 527
165 332
511 718
739 811
743 787
463 619
7 709
484 694
126 787
161 765
507 895
289 416
113 228
386 538
131 453
388 444
32 142
285 596
145 161
207 487
152 791
118 198
579 592
9 690
649 785
190 755
86 416
89 508
473 861
689 701
230 543
156 854
32 876
731 810
109 914
183 655
575 629
62 536
209 964
361 621
268 399
92 715
273 295
537 626
735 883
662 859
408 570
961 978
567 602
839 977
6 686
408 425
469 860
589 783
434 709
331 855
10 564
118 573
90 710
805 931
21 148
900 905
444 541
138 336
49 107
380 643
72 212
144 321
20 860
439 794
137 536
465 507
854 895
563 638
326 744
659 748
203 664
419 423
20 946
167 829
439 568
479 639
48 395
752 959
306 975
91 111
6 20
389 404
81 85
730 842
111 209
829 902
864 924
63 82
432 520
219 368
243 630
6 310
119 219
191 254
69 930
55 799
192 531
428 883
160 241
14 204
53 362
69 708
86 226
14 127
821 885
218 474
56 433
181 726
369 798
151 802
43 733
86 349
252 589
218 589
504 626
766 846
231 449
126 745
117 490
649 926
778 890
230 571
134 982
16 269
325 797
17 228
201 775
731 822
623 780
117 411
50 100
913 930
19 739
88 318
309 858
560 680
103 126
286 426
508 526
81 612
400 680
20 641
295 569
599 623
836 867
971 972
37 702
153 401
945 989
249 568
305 382
480 740
577 778
46 567
423 443
388 530
246 890
581 723
108 895
180 668
290 492
592 692
384 873
259 775
293 923
115 321
149 423
405 525
212 813
553 815
138 795
656 980
161 490
547 701
643 826
366 413
155 756
428 704
414 631
57 794
699 711
609 837
83 790
686 963
411 799
268 956
234 898
380 440
477 530
207 697
27 303
605 790
311 751
278 476
191 577
251 314
127 327
53 608
593 619
207 479
100 525
653 785
65 434
51 67
201 850
95 266
792 799
515 833
294 564
735 843
274 576
650 843
425 564
127 923
92 290
81 567
465 656
173 223
68 459
196 256
527 716
235 298
127 872
387 513
135 167
746 946
763 880
31 86
148 338
292 898
295 477
119 825
45 182
48 230
101 367
780 830
33 647
168 686
833 888
157 318
206 789
284 679
216 789
785 946
16 753
475 820
424 802
186 705
462 562
52 298
472 558
237 786
272 922
556 906
544 578
270 272
273 732
377 608
12 939
475 579
94 342
494 588
248 866
28 96
636 781
195 977
198 304
397 405
769 770
139 802
891 953
106 659
394 985
87 692
456 958
477 792
614 891
117 305
62 402
325 836
731 961
236 417
352 750
64 210
407 930
579 661
286 689
179 771
342 733
633 828
597 857
11 586
286 704
831 940
79 907
649 688
117 196
486 955
32 670
418 699
326 848
23 848
524 923
508 566
127 780
62 953
625 787
244 415
559 608
28 1000
693 734
12 293
107 609
110 448
440 556
98 868
500 688
30 129
306 857
91 405
163 800
555 610
76 583
719 799
772 993
738 807
224 673
315 602
17 768
604 860
458 658
480 906
86 906
418 432
556 878
298 906
9 245
502 762
29 234
610 739
462 808
26 643
423 903
463 618
147 833
61 923
891 980
212 281
433 540
584 940
17 477
182 945
333 871
31 692
183 537
535 740
61 125
64 143
409 452
545 944
47 62
412 713
343 855
514 545
142 486
770 983
731 813
623 747
213 802
594 755
830 947
136 667
52 535
515 921
239 663
59 501
277 438
39 827
316 412
745 758
230 382
66 759
545 658
178 413
343 949
183 940
567 970
344 636
783 825
239 629
330 435
662 954
101 628
174 256
158 645
379 894
399 741
418 846
127 800
37 520
97 501
54 965
780 887
448 712
590 938
862 975
229 498
214 398
328 797
38 728
440 695
42 535
646 795
78 233
479 638
445 698
397 823
54 150
699 879
651 960
587 974
3 965
703 956
685 737
81 485
247 272
46 869
548 687
329 931
181 898
76 216
696 821
894 952
419 994
463 729
299 328
144 663
289 466
256 517
80 313
619 748
502 992
40 983
511 882
591 926
338 740
134 693
91 712
136 345
195 822
490 586
238 760
579 732
322 687
108 156
112 167
352 662
792 947
727 977
303 821
16 413
398 539
365 668
519 933
79 978
390 603
212 241
309 857
273 403
148 601
308 780
202 267
461 558
667 847
135 813
120 912
176 674
801 901
594 904
520 635
278 863
542 760
211 424
249 733
267 458
598 788
370 635
645 941
85 996
620 971
551 715
98 957
121 516
436 737
54 80
354 950
261 410
104 817
141 800
110 363
147 479
206 830
393 867
216 826
638 797
416 460
56 931
458 859
592 693
517 634
251 768
159 541
73 852
367 862
132 431
51 537
656 981
453 897
739 900
156 164
751 821
790 943
535 872
228 278
156 219
363 505
19 213
174 563
273 930
610 909
97 550
98 217
522 599
178 865
40 834
627 902
244 546
136 373
268 370
1 681
112 116
148 936
187 642
65 290
822 824
507 757
218 832
348 695
240 776
684 825
519 888
518 853
408 708
459 630
835 979
499 690
26 46
448 884
124 797
50 152
658 987
110 856
71 562
352 400
892 998
16 167
14 950
40 301
357 786
339 379
469 900
128 912
295 476
461 820
346 468
492 910
110 549
220 445
24 336
577 868
530 934
214 583
15 530
402 565
780 910
146 558
772 782
789 936
703 790
462 640
228 246
673 839
215 984
402 727
699 919
864 982
573 946
337 810
216 645
432 578
752 855
513 815
677 792
54 457
76 145
556 907
354 559
25 757
302 823
178 705
199 341
570 795
185 511
630 667
725 765
941 976
800 812
13 529
51 482
747 897
485 596
77 650
74 656
394 887
290 804
436 462
75 151
848 917
244 518
460 587
524 592
190 676
670 722
640 897
731 960
37 223
735 904
347 987
576 783
247 546
288 555
35 498
365 723
519 860
294 593
616 687
102 398
122 312
128 687
953 964
254 341
37 305
649 695
10 655
106 852
288 777
879 947
235 376
58 659
331 685
667 823
249 804
340 725
469 823
516 560
872 946
46 291
193 829
125 314
625 786
111 763
239 310
305 308
569 999
92 212
516 854
681 913
188 743
634 915
564 814
859 890
327 960
56 637
38 701
772 851
806 807
206 967
355 523
360 403
90 804
453 662
171 493
102 647
86 792
414 771
452 466
114 241
189 513
229 768
266 282
54 469
241 242
539 823
251 953
894 925
146 327
129 691
39 400
20 476
99 381
427 434
265 467
262 625
69 861
397 726
22 717
167 300
441 754
669 938
109 221
365 371
368 473
114 693
259 282
14 16
181 609
40 907
847 896
117 355
351 817
486 536
472 502
52 754
329 339
183 536
97 991
154 270
83 668
230 541
199 786
495 651
117 389
300 619
102 475
139 559
47 430
451 721
782 823
308 954
109 545
558 798
153 895
541 724
145 739
398 687
148 582
18 627
866 879
351 757
541 837
157 816
230 462
784 966
54 696
59 210
741 978
334 344
266 920
783 937
309 614
36 226
179 685
58 294
793 937
150 382
392 846
755 891
664 954
261 532
854 893
470 906
733 816
480 730
547 980
287 721
335 709
564 689
544 941
142 762
199 511
146 649
275 471
367 837
59 636
96 520
538 595
601 733
321 405
102 562
247 275
158 352
423 836
85 357
397 617
234 797
403 488
539 640
639 787
160 243
161 302
307 836
164 731
144 551
87 537
127 476
678 932
756 856
591 921
78 836
282 957
339 708
515 585
92 788
459 879
153 648
79 526
95 131
27 99
207 453
191 700
235 772
347 914
459 764
136 297
619 922
31 568
287 450
680 806
623 782
537 931
365 522
796 836
27 897
482 806
359 492
162 936
269 964
75 957
165 819
25 352
728 929
585 888
396 457
839 951
805 867
112 390
365 812
351 745
193 731
749 966
182 329
374 949
253 828
309 634
112 612
292 872
478 887
63 559
599 617
418 962
10 264
245 569
301 887
768 884
755 964
721 820
719 801
25 845
176 239
506 874
581 832
396 924
681 890
225 662
155 827
392 471
530 869
237 923
402 752
742 812
526 713
376 661
513 962
462 583
63 112
213 323
730 991
358 948
34 854
53 170
55 972
65 884
394 638
786 812
109 387
511 563
151 610
522 882
354 362
88 642
450 825
485 640
34 568
118 354
302 613
85 91
86 268
182 975
273 929
222 476
83 630
653 702
247 827
32 200
714 956
605 645
298 391
377 390
183 576
494 771
558 628
80 723
135 733
359 387
378 792
92 542
130 511
442 573
39 877
443 876
232 905
28 450
269 1000
128 708
679 861
3 132
230 263
448 885
88 284
269 889
399 830
2 84
644 667
520 905
413 622
162 686
182 341
516 605
884 951
728 731
193 848
31 80
434 538
288 972
275 994
358 389
295 428
461 900
707 948
393 700
780 824
285 374
86 531
107 532
254 837
309 368
148 178
37 801
205 447
673 981
340 886
676 712
73 533
203 674
137 304
634 862
600 802
525 989
513 957
551 861
272 781
116 524
209 230
327 658
63 404
234 706
972 980
403 435
96 687
613 966
118 428
212 545
543 559
18 166
255 589
303 315
434 438
804 892
289 409
234 996
187 850
319 557
622 846
454 844
576 610
79 593
133 425
235 831
415 563
71 205
312 580
38 286
464 911
528 532
675 967
288 445
130 336
347 986
75 871
459 644
593 998
402 461
580 968
88 218
236 306
292 492
740 994
961 971
321 596
231 233
32 545
140 168
73 155
435 476
27 742
28 597
448 849
728 921
395 890
325 501
254 421
75 722
280 650
98 657
405 429
448 960
603 948
625 640
495 810
280 825
98 512
318 977
192 453
84 723
124 512
196 501
71 823
520 643
335 962
600 625
488 971
125 426
306 708
470 623
276 412
349 546
154 560
279 795
251 636
242 857
107 897
517 544
573 868
318 365
120 500
375 836
34 956
287 530
534 625
703 922
243 494
155 912
502 585
284 308
531 749
578 720
371 594
506 759
475 560
186 965
27 459
134 429
428 650
88 715
708 962
344 373
605 954
471 548
131 441
137 232
47 885
29 266
969 983
215 547
381 791
455 496
259 285
388 447
133 380
100 993
246 415
708 736
584 942
415 902
74 260
632 954
201 671
402 414
169 441
408 799
64 129
463 827
524 629
527 834
417 983
508 912
252 778
680 843
386 938
369 546
39 932
383 449
248 316
486 970
110 934
277 293
296 850
206 501
266 566
858 940
50 161
783 827
110 785
754 953
121 268
174 262
267 416
286 476
242 520
280 789
196 489
520 703
7 51
101 340
343 507
521 871
595 850
600 764
492 870
327 935
110 333
292 698
186 421
738 854
703 728
500 517
432 813
267 876
569 732
60 977
389 401
212 788
105 348
345 493
143 166
34 960
561 977
526 669
472 1000
172 581
360 829
68 630
394 603
894 958
454 603
363 654
221 868
610 645
437 679
700 775
596 848
61 731
8 473
433 860
553 611
38 245
666 770
648 777
687 744
84 403
502 998
36 621
352 586
204 939
209 891
326 466
593 925
244 639
45 634
213 964
161 873
60 89
499 555
387 507
260 907
745 839
169 294
230 649
144 228
308 927
19 740
89 616
606 967
109 661
550 687
3 312
701 817
727 817
926 974
68 466
253 842
452 945
163 446
594 902
25 385
334 437
228 664
193 843
12 137
611 653
409 915
693 739
286 331
345 781
145 889
422 955
581 958
140 692
659 668
767 903
625 938
242 782
224 781
426 473
46 570
251 548
431 808
819 886
768 996
396 925
183 487
646 773
224 764
349 923
759 900
37 925
281 619
530 866
785 971
349 780
7 842
530 757
547 721
397 938
4 732
170 228
578 745
388 819
82 536
302 793
284 380
137 501
621 709
418 502
885 908
635 873
544 680
472 883
312 988
20 405
189 298
53 331
277 967
539 540
618 811
514 850
415 969
181 567
799 855
821 967
182 895
311 537
203 432
259 482
212 450
286 969
537 781
350 432
745 914
142 476
398 586
239 856
532 876
404 643
22 822
27 876
395 960
74 129
143 818
754 799
296 923
153 822
939 947
98 283
466 471
452 774
353 975
61 502
706 973
178 306
141 446
749 937
805 919
550 602
37 637
520 537
79 214
262 402
335 888
541 957
905 961
441 461
296 584
284 877
229 342
853 876
283 834
586 873
755 818
98 863
462 484
621 869
82 331
345 523
208 253
6 64
9 508
262 990
376 579
414 805
241 379
388 896
531 720
15 419
368 578
475 678
574 662
556 901
228 470
66 409
108 636
53 141
63 484
213 471
51 484
358 800
218 383
311 814
320 387
566 628
237 450
556 570
748 978
382 720
610 943
437 945
403 513
558 695
722 993
687 785
522 585
714 977
148 991
312 581
757 989
135 691
282 869
264 296
299 961
662 704
437 851
286 692
364 376
473 615
148 829
64 68
616 657
563 938
197 424
14 630
623 950
188 189
425 533
267 310
196 720
732 930
72 990
879 957
6 593
124 914
620 879
34 390
434 684
22 431
188 899
172 504
340 582
110 596
201 280
399 563
292 929
279 677
819 912
181 503
1 17
148 224
918 964
150 434
620 668
159 288
72 410
234 355
552 644
181 280
96 256
142 621
458 782
203 577
419 540
186 369
95 567
189 686
7 893
64 861
46 989
160 924
90 213
592 895
38 925
94 757
115 314
216 611
73 786
223 288
351 383
885 979
377 912
263 693
621 653
216 530
431 695
185 281
648 927
276 576
138 929
108 759
330 649
41 314
22 707
8 397
47 884
14 103
74 690
899 959
756 838
830 852
647 774
585 663
840 980
490 597
326 503
255 471
382 607
351 832
287 488
162 787
93 265
684 876
359 458
412 635
61 348
563 902
50 207
469 759
788 801
404 554
866 877
41 912
117 165
637 942
288 791
144 423
37 420
325 377
92 404
310 455
22 331
637 752
36 371
3 522
25 198
193 904
340 969
50 531
396 619
552 721
555 562
112 856
564 780
402 635
681 796
480 587
427 980
228 825
119 512
472 715
161 224
915 971
238 502
685 845
7 865
391 710
531 667
159 570
199 505
345 492
198 800
538 593
78 398
172 951
329 928
63 431
119 215
450 928
307 985
77 767
152 554
178 534
394 555
32 448
548 904
489 879
273 810
243 664
122 843
507 799
71 118
273 955
164 596
130 580
329 531
209 745
252 585
201 553
74 313
87 648
536 622
331 346
477 812
100 533
304 814
178 203
251 387
86 448
22 952
391 418
546 913
411 480
818 906
378 885
399 951
164 232
58 631
662 891
740 955
107 494
469 651
589 862
236 650
275 859
455 825
339 352
292 874
519 725
175 703
417 431
521 817
439 890
413 859
380 786
272 517
914 972
132 741
59 847
719 803
137 649
789 913
328 651
129 942
794 936
262 898
66 259
195 445
414 857
436 945
77 897
226 605
119 266
428 557
468 514
216 603
125 917
60 724
186 523
42 443
601 936
136 139
85 232
507 842
34 566
218 267
381 877
240 335
125 759
316 940
540 844
579 782
65 148
91 696
369 830
481 708
320 326
709 980
766 799
35 765
252 621
883 993
442 729
908 974
139 651
70 929
291 980
566 981
108 131
1 735
40 99
735 806
477 978
187 756
3 121
351 553
226 338
796 938
452 752
383 408
295 874
496 756
316 327
390 570
118 863
213 569
222 937
283 551
33 968
68 311
892 993
123 804
126 197
448 998
12 223
176 976
144 382
272 323
400 648
555 860
24 292
28 896
162 398
436 593
349 732
833 963
171 740
667 763
7 122
194 543
458 920
43 302
171 373
544 777
120 363
432 871
231 617
864 890
607 978
257 332
742 895
449 740
673 836
105 138
285 406
198 985
581 691
586 731
327 767
462 566
194 848
273 583
592 803
609 923
66 406
48 693
13 701
180 402
366 445
220 915
96 673
111 378
100 233
583 748
69 870
747 898
26 683
133 245
540 801
467 599
450 795
179 331
454 819
75 426
41 366
494 592
27 271
100 975
319 559
92 815
74 750
511 823
238 597
459 856
540 967
83 532
778 988
688 850
65 481
585 762
126 730
221 766
203 351
494 690
888 933
212 487
395 513
490 641
22 864
518 933
745 909
390 772
197 262
839 859
144 158
537 921
365 720
944 949
11 590
486 812
253 559
418 580
623 945
831 936
448 851
141 336
590 688
554 650
679 929
495 820
541 896
125 311
180 796
223 990
663 685
261 573
278 757
279 676
563 617
193 931
733 809
275 625
148 225
387 799
135 421
655 658
305 442
72 411
237 575
881 923
719 795
206 970
544 789
569 710
492 659
385 403
189 685
81 108
25 948
281 546
409 533
104 923
266 438
30 423
29 964
677 936
452 477
272 875
4 518
725 956
730 994
472 526
437 464
299 467
267 689
346 922
226 756
359 944
360 850
53 273
173 812
394 647
911 926
511 858
165 216
222 267
4 90
294 948
429 723
247 844
394 790
549 674
342 928
381 902
423 737
173 718
65 461
812 832
196 881
14 390
951 995
274 339
486 750
175 241
585 615
288 475
142 490
342 642
605 636
135 551
50 125
303 797
469 517
454 475
443 918
230 370
25 314
118 647
620 829
70 282
128 573
884 890
900 999
465 732
286 450
14 877
469 968
474 546
41 689
520 722
334 462
512 578
345 823
434 544
720 741
111 792
901 944
370 418
59 949
223 818
305 341
298 534
188 646
82 385
138 447
103 533
31 328
250 955
287 722
552 609
646 799
206 806
48 384
431 903
453 887
521 583
159 549
466 661
234 649
544 654
155 751
691 977
363 640
346 894
186 999
189 260
215 592
660 707
385 955
632 762
78 728
134 542
490 916
291 733
454 891
274 405
557 854
230 978
84 268
736 947
532 628
421 467
98 160
446 638
196 853
450 613
252 953
165 990
79 696
649 897
64 239
579 704
9 546
641 785
350 357
169 292
706 709
308 921
662 888
482 916
28 616
305 949
14 559
421 535
116 337
44 470
103 117
214 994
213 661
239 405
407 565
482 758
31 121
771 846
98 966
63 552
409 913
559 695
157 563
270 850
180 980
236 824
236 847
419 505
862 943
99 877
371 976
297 981
23 747
150 635
271 733
402 604
149 305
703 766
581 734
307 745
416 448
290 489
219 437
578 628
411 583
376 664
341 906
381 409
350 600
756 763
556 931
116 602
319 967
621 707
214 251
432 553
747 776
381 522
146 379
223 379
548 862
109 384
152 519
32 493
178 571
195 619
622 966
161 719
437 554
22 648
77 627
756 776
795 904
596 741
942 969
339 628
32 92
360 569
179 415
285 614
19 326
773 977
4 18
726 979
766 796
584 1000
36 643
398 814
537 866
259 484
311 392
389 762
429 829
835 838
735 801
27 878
143 828
101 726
136 550
580 757
58 763
261 806
61 500
75 696
496 979
71 844
935 955
214 744
379 683
270 814
775 995
806 831
73 649
238 333
220 296
572 693
223 667
34 36
396 899
384 987
516 924
78 293
685 771
172 858
363 925
396 786
509 759
772 921
55 527
354 696
281 758
272 927
94 686
7 569
198 760
660 933
751 996
458 605
186 556
100 234
337 712
195 694
674 841
53 316
539 589
613 852
562 806
632 707
851 931
748 957
195 583
639 724
324 865
709 806
104 395
468 884
269 325
566 741
515 629
273 898
576 613
244 659
123 278
105 999
239 920
347 942
757 987
334 900
390 874
374 389
109 936
257 551
352 739
60 172
204 636
28 434
321 696
252 848
364 378
239 894
588 730
593 884
541 716
407 814
156 622
636 718
106 961
567 588
343 940
199 584
112 370
224 284
279 336
783 800
111 545
352 432
542 677
392 967
728 779
84 879
128 961
1 373
202 734
22 429
63 531
282 342
136 800
33 580
362 920
131 615
336 755
174 459
110 453
755 784
276 415
132 815
315 371
119 649
768 831
110 436
220 268
55 333
82 301
245 879
600 658
160 559
320 805
30 420
752 792
15 272
146 673
56 863
59 596
462 531
48 707
198 853
454 739
243 608
63 437
502 767
747 976
678 722
329 795
264 906
526 934
798 843
122 962
476 845
238 788
277 908
204 220
86 216
308 322
243 815
302 416
208 581
249 287
92 931
113 504
593 950
631 922
65 381
670 818
66 558
567 690
342 643
1 661
18 845
207 259
45 676
248 464
481 493
504 826
822 996
89 736
731 849
4 415
297 403
66 752
40 459
351 753
121 160
598 658
231 927
412 795
527 658
235 344
71 758
421 963
300 788
671 807
106 199
380 554
529 778
418 843
241 884
590 828
702 858
281 370
376 816
893 981
395 470
237 657
491 673
55 288
36 460
2 684
318 722
121 732
140 610
34 253
306 886
38 733
719 766
483 638
154 642
11 279
530 893
163 592
475 962
868 875
194 870
124 491
52 376
752 772
694 955
310 944
186 642
134 354
318 415
464 480
319 930
690 818
506 679
530 543
273 526
733 752
281 863
543 595
195 737
381 726
445 889
601 963
468 718
397 758
604 754
471 965
330 683
60 528
152 603
208 771
222 484
494 521
403 714
243 779
647 983
49 914
325 997
298 431
647 868
100 535
339 697
888 990
66 562
16 259
415 645
257 623
24 782
166 505
224 486
494 986
338 402
670 953
411 482
257 920
735 861
224 341
22 152
274 598
165 640
387 666
61 495
245 370
249 887
13 332
123 794
788 950
706 791
12 132
343 698
2 878
167 616
478 891
250 762
90 599
729 735
492 935
516 667
119 704
379 639
289 875
676 833
237 629
272 519
149 207
354 947
171 267
439 538
405 934
25 962
210 446
621 928
721 970
96 441
43 226
422 747
82 644
119 407
266 335
307 537
551 778
458 727
406 863
30 271
582 840
786 921
15 505
363 734
52 195
794 840
116 714
912 975
15 110
111 465
26 853
189 295
562 771
464 746
265 495
467 701
485 652
70 618
252 649
352 779
756 777
423 586
192 740
269 288
71 84
109 161
131 259
403 742
114 761
60 427
373 860
209 715
191 591
549 889
144 918
87 686
382 522
753 918
661 875
187 552
8 165
762 940
193 383
50 288
13 172
2 415
365 601
614 800
579 703
100 666
507 648
92 538
40 101
79 780
615 718
580 871
32 537
398 760
273 481
183 866
426 981
226 451
139 504
54 757
597 673
179 632
457 894
24 695
496 980
131 765
23 955
82 149
814 930
387 519
672 951
231 820
589 674
366 549
836 845
626 681
646 698
349 730
354 996
3 580
46 746
51 956
16 969
238 338
764 942
46 597
200 261
328 858
336 453
82 729
279 977
253 256
396 787
592 662
82 616
747 870
217 759
234 703
146 717
327 654
630 877
133 977
320 760
264 768
502 656
368 724
95 771
354 411
747 900
252 318
142 976
87 511
363 472
240 365
114 650
84 470
91 646
346 585
41 509
557 925
373 816
456 932
74 383
389 588
429 911
302 359
162 778
515 786
745 883
579 667
175 332
75 1000
611 778
494 914
27 845
62 758
303 744
328 476
352 450
496 530
408 596
486 957
235 383
185 678
239 607
206 268
63 653
432 505
71 674
20 720
93 998
292 861
239 460
541 926
158 802
586 825
568 804
629 837
461 979
650 730
617 645
426 634
229 375
225 391
335 974
358 421
399 429
163 857
152 230
478 962
194 609
881 921
163 806
664 833
96 259
538 678
45 438
358 647
768 943
676 744
73 565
57 408
8 628
355 671
210 390
121 801
233 831
315 961
155 916
946 953
143 255
61 578
613 917
885 976
246 582
281 834
119 204
543 638
694 766
255 924
164 861
402 982
129 694
276 562
61 804
375 388
660 664
368 478
437 609
756 833
5 301
191 566
341 389
56 267
38 431
243 991
579 601
674 703
87 854
291 513
307 442
507 594
365 400
403 911
460 612
451 839
640 866
546 904
486 895
213 925
162 897
680 990
554 955
728 970
182 503
365 835
188 860
278 986
832 952
300 902
577 763
649 726
33 773
140 991
488 766
178 358
88 472
16 85
1 295
407 531
746 869
67 546
180 835
470 685
366 626
559 669
138 347
219 796
392 706
270 743
343 503
56 687
626 753
457 528
538 779
427 952
492 866
863 893
2 604
811 990
45 410
104 874
177 738
307 655
458 801
4 597
95 532
811 879
78 354
764 837
357 489
11 359
328 737
368 574
424 992
276 769
39 77
388 859
320 689
211 812
86 936
233 676
30 272
642 654
354 464
411 667
178 642
199 280
384 593
132 215
485 663
215 594
187 801
248 817
464 670
174 537
601 883
429 676
485 760
622 923
938 954
705 989
86 340
127 424
40 876
166 284
424 459
649 822
355 418
304 688
268 475
179 208
680 811
697 915
684 851
80 891
210 710
328 389
398 541
438 990
754 759
239 689
116 300
261 959
616 748
157 894
376 401
356 943
801 814
162 532
145 706
184 792
206 469
351 724
763 764
140 963
185 734
165 528
594 898
206 324
235 468
435 822
239 260
223 899
205 692
131 529
244 430
49 136
68 252
417 428
237 739
457 931
390 409
393 651
211 652
229 399
127 544
119 624
285 286
242 925
759 896
105 147
17 817
470 885
159 394
424 845
243 317
251 774
401 547
57 65
592 826
260 497
243 603
206 589
485 570
472 887
109 126
327 459
61 763
192 630
191 360
105 751
57 908
21 809
77 625
96 998
207 646
454 869
463 985
726 977
196 804
252 616
184 504
614 854
142 305
688 919
182 669
164 184
143 905
735 803
5 936
27 864
961 994
144 196
149 701
239 570
296 814
64 282
533 904
455 798
282 368
598 842
73 429
521 961
115 230
421 875
441 465
64 568
380 706
341 729
175 973
529 755
239 254
423 455
81 244
233 945
16 601
401 749
110 265
115 437
150 756
375 895
565 731
324 687
129 911
96 582
920 942
47 649
798 947
33 107
198 879
129 568
475 698
207 983
618 710
178 763
694 787
109 465
398 460
94 575
167 177
373 620
337 718
747 903
470 482
39 379
886 954
562 804
118 464
30 522
89 206
450 790
666 838
316 947
133 259
304 907
48 869
182 940
74 749
899 980
476 649
240 253
238 600
156 987
88 897
51 55
109 789
826 975
203 336
331 359
421 489
170 683
101 901
134 774
142 269
18 871
183 675
718 812
101 790
519 858
459 520
334 676
351 526
447 847
356 912
66 746
503 835
269 775
110 911
715 731
89 571
623 946
774 812
115 567
118 702
357 606
192 427
11 801
374 583
49 502
400 856
383 671
148 398
3 389
25 125
724 825
983 988
418 916
1 228
650 731
478 816
67 359
729 790
181 499
30 136
15 636
517 666
223 761
100 372
923 995
267 839
638 972
180 684
3 833
868 881
82 698
341 991
414 773
452 472
306 946
219 511
55 621
367 815
190 300
46 848
454 737
111 298
613 916
480 880
302 853
781 840
104 188
565 977
191 194
677 695
414 551
682 799
502 876
74 559
458 462
57 859
9 984
174 514
619 761
88 895
198 388
545 879
156 904
108 401
400 474
627 983
494 738
557 896
190 763
377 464
45 529
430 437
416 515
71 317
255 416
481 483
11 542
818 994
504 828
108 198
697 999
737 786
519 958
575 962
118 875
637 825
249 1000
508 883
788 813
435 575
662 962
240 677
519 975
117 161
300 903
125 359
366 627
222 759
336 578
278 805
166 927
176 923
853 959
28 852
103 304
414 421
841 927
50 956
73 357
3 526
244 506
281 368
854 887
254 823
419 478
81 163
188 641
422 626
78 240
116 931
372 469
500 514
157 255
380 1000
141 902
492 754
772 972
375 807
531 671
108 930
401 582
110 176
152 272
155 627
318 413
618 655
85 510
151 743
377 944
708 924
233 564
220 854
55 791
761 794
243 751
743 990
65 787
74 579
536 852
97 674
80 304
669 904
191 452
549 754
252 726
415 976
571 902
769 978
795 862
182 916
476 625
365 482
84 382
356 763
251 391
373 920
100 736
265 909
351 561
818 902
74 150
18 574
19 747
131 997
116 301
650 863
421 643
727 863
608 717
715 739
219 556
36 46
420 461
240 705
421 532
25 283
349 417
101 512
317 579
266 983
158 601
875 985
452 958
128 540
148 471
455 821
314 827
166 808
149 890
374 911
233 297
470 718
336 558
206 244
21 33
573 596
133 551
729 846
470 936
676 835
346 362
2 654
521 646
629 941
850 970
101 196
300 431
270 627
90 887
876 890
716 999
57 358
368 893
516 955
612 720
224 753
357 443
466 594
324 692
510 667
223 582
43 228
25 625
122 695
198 768
74 818
842 920
147 194
354 514
122 550
34 848
218 245
660 908
163 684
74 901
189 436
8 363
32 369
437 646
55 891
367 581
151 632
133 157
7 756
838 978
855 976
89 241
17 380
252 651
113 203
619 705
89 98
514 815
821 849
511 799
477 667
174 677
265 719
748 890
36 654
257 687
683 993
369 540
689 765
434 976
404 648
22 203
10 771
818 938
191 956
446 891
343 901
658 835
718 755
519 902
123 843
179 973
608 745
239 581
40 389
205 629
371 373
25 503
297 634
300 847
118 706
102 199
366 696
222 572
560 987
266 858
361 472
202 520
353 684
79 322
729 825
340 926
401 962
236 799
292 537
315 360
577 893
741 758
529 754
159 331
197 900
15 539
254 847
113 585
702 739
59 879
315 729
410 767
341 585
547 914
530 816
966 984
534 764
85 596
12 750
204 326
314 386
86 870
18 510
55 953
369 402
225 918
247 465
543 644
68 548
596 806
192 548
136 220
9 82
267 742
582 965
358 805
471 542
800 914
187 872
423 616
83 939
155 502
456 855
423 761
333 891
389 569
65 485
190 732
683 973
888 937
31 617
567 683
184 516
118 925
305 784
641 862
221 412
403 851
580 837
541 713
102 385
491 890
5 796
580 724
157 805
970 996
257 887
737 983
211 504
563 847
340 732
474 586
400 857
366 596
76 778
555 815
905 992
429 482
612 827
392 808
559 616
393 625
157 504
11 14
529 589
491 710
664 980
21 89
99 857
228 947
177 363
231 568
120 395
216 842
124 339
200 291
203 580
648 727
612 744
404 437
777 949
405 988
355 641
333 505
738 831
391 729
270 474
72 381
168 912
81 497
704 866
506 654
458 749
481 836
170 185
206 539
544 614
189 395
530 585
332 405
13 558
424 691
423 959
263 854
216 309
414 710
274 429
184 339
222 271
652 730
709 775
194 372
622 876
683 920
353 477
812 828
522 534
636 920
89 459
325 927
499 932
395 545
303 936
640 868
92 557
718 777
944 966
232 952
359 449
287 356
182 602
623 864
351 621
120 781
248 322
425 747
728 972
254 376
184 894
832 954
870 934
102 316
728 891
157 777
128 561
240 565
280 748
478 755
192 392
11 844
616 912
641 757
435 732
11 989
512 582
382 510
771 999
380 779
2 683
223 847
6 227
176 250
301 925
216 951
180 530
676 703
401 795
436 644
38 720
681 775
223 732
595 969
586 652
107 867
137 370
212 786
103 759
752 775
164 925
55 624
190 201
543 719
837 942
158 363
113 972
26 973
61 725
722 753
228 378
605 920
511 661
226 775
557 705
117 558
212 726
736 984
386 759
459 919
153 736
518 692
248 674
618 832
161 513
809 941
152 892
351 931
49 625
179 210
217 395
274 706
165 939
351 560
211 229
266 754
411 487
653 966
861 867
519 925
594 606
371 491
101 702
227 591
376 403
675 739
32 623
361 705
14 563
116 349
44 466
10 590
279 405
173 242
103 113
303 531
197 252
254 487
1 257
97 440
6 530
116 460
262 424
345 998
314 939
409 917
634 752
194 645
422 957
629 827
280 998
353 752
577 912
106 472
552 690
21 401
719 814
538 877
63 778
45 363
48 465
125 221
509 894
254 931
663 951
564 668
177 524
539 982
483 492
262 903
217 664
290 340
91 243
458 722
355 806
63 121
359 790
565 999
33 62
8 364
104 245
378 508
484 785
38 184
55 890
313 399
367 580
333 628
950 973
311 881
134 766
85 100
618 789
146 168
22 639
62 364
389 964
709 991
394 810
70 779
17 413
95 236
83 748
562 755
532 763
718 982
154 321
464 809
65 314
236 453
109 593
148 807
594 691
314 523
411 451
128 731
240 671
115 605
41 834
421 678
230 318
732 980
533 549
127 898
662 907
24 523
598 729
197 208
392 958
228 698
335 838
448 618
270 899
89 872
171 586
225 376
438 484
663 757
318 542
780 823
719 770
479 553
51 814
251 710
113 729
646 987
525 982
327 762
453 843
169 744
100 432
122 712
211 889
587 910
54 449
556 899
207 977
246 633
234 717
535 791
8 264
281 788
302 686
207 759
338 898
15 252
134 730
32 124
584 953
342 921
705 923
429 635
49 991
395 695
504 580
30 810
450 566
265 746
44 854
26 505
438 634
350 406
207 299
524 735
300 639
356 771
342 746
496 646
210 652
193 634
122 320
585 936
145 767
473 666
239 747
224 272
81 761
297 452
560 666
153 788
728 864
801 980
72 964
16 108
154 246
193 644
49 500
249 812
106 239
90 744
139 199
358 457
606 675
76 666
590 804
577 943
84 585
552 763
901 1000
759 804
231 571
345 760
56 517
149 260
890 932
525 617
285 452
385 406
501 886
337 671
639 918
734 958
660 837
330 544
316 627
463 716
264 910
155 695
639 871
415 873
489 885
346 790
75 508
424 692
96 817
556 645
632 739
151 931
17 315
164 574
62 341
429 718
161 612
57 571
661 831
669 708
174 738
190 761
359 738
195 837
285 731
53 687
170 653
16 283
144 864
17 246
14 314
640 869
92 558
224 478
386 933
83 277
304 614
305 819
416 628
1 538
878 932
169 348
80 801
46 250
139 436
23 798
80 944
425 635
568 997
110 792
275 837
222 618
337 396
392 999
45 979
124 972
693 871
158 754
140 937
236 578
25 95
426 714
444 535
814 985
357 850
124 547
127 696
76 702
457 900
702 862
572 795
119 760
391 905
50 525
107 580
201 399
685 933
819 867
383 864
242 884
292 673
759 953
544 822
284 625
431 898
587 872
34 104
200 320
828 834
538 552
158 217
15 368
109 373
384 822
829 924
3 972
963 970
176 424
273 514
56 238
114 412
77 872
543 607
855 857
217 861
199 277
172 723
74 577
77 586
596 718
191 454
394 676
18 120
368 509
187 915
39 658
134 674
84 265
416 835
736 840
74 291
217 232
38 462
331 336
188 319
425 923
209 892
674 734
199 857
131 201
369 630
300 688
47 485
50 395
322 676
486 655
782 872
182 692
588 655
22 813
518 870
44 685
45 644
247 738
197 473
184 684
232 804
321 533
13 503
89 625
348 970
793 883
520 917
351 721
279 404
192 358
249 891
123 798
201 248
880 947
20 548
92 455
23 915
232 706
620 941
611 690
153 494
137 977
617 689
409 916
121 418
505 963
287 927
236 821
111 827
292 999
759 895
814 868
581 935
160 653
401 885
91 423
538 874
24 492
59 837
427 921
51 981
116 897
210 442
363 948
129 928
573 933
78 381
137 365
454 668
96 556
186 674
108 535
739 911
601 946
29 169
378 509
105 579
198 544
557 659
32 482
164 743
350 782
186 887
481 621
669 874
139 931
744 821
769 828
146 169
463 986
69 575
360 589
397 504
365 452
916 948
39 519
170 690
142 308
277 531
558 636
425 768
154 334
287 430
274 551
224 390
295 915
316 494
5 917
28 474
247 710
5 806
407 886
396 485
417 754
741 897
232 687
283 573
193 703
602 789
98 628
667 979
317 726
529 982
569 865
280 852
671 904
162 392
436 607
586 912
250 909
293 835
664 873
702 737
3 729
811 906
595 787
410 765
310 850
77 125
95 617
389 466
301 646
105 285
176 481
506 616
34 771
170 195
30 367
142 805
489 527
248 910
122 939
468 659
51 493
522 798
372 963
14 146
604 694
695 873
256 710
42 187
66 805
243 967
19 470
403 631
334 905
446 571
50 448
527 886
623 729
58 983
40 182
402 453
53 763
108 221
398 553
934 943
922 943
580 839
66 745
839 998
218 988
378 550
322 910
288 770
754 909
746 781
340 734
289 580
215 450
236 607
292 857
2 931
340 589
179 713
440 583
202 554
223 964
42 775
6 874
617 649
893 972
716 843
733 803
823 929
440 566
759 807
44 72
427 848
410 686
391 821
107 1000
823 982
185 870
37 973
190 497
135 304
307 695
55 761
539 992
404 439
120 508
195 490
91 141
789 836
103 802
557 569
262 735
543 634
159 877
165 480
43 972
27 451
463 719
502 867
289 460
200 737
57 856
847 885
709 884
302 570
249 448
526 858
713 933
773 899
192 800
84 502
304 938
265 692
360 630
624 739
515 596
381 896
237 304
576 582
304 825
268 348
144 978
952 969
292 298
535 766
256 960
131 236
442 667
904 940
857 972
387 391
101 823
196 541
253 604
307 348
934 971
520 875
114 878
496 675
212 231
175 477
503 800
23 793
541 860
249 862
529 892
602 858
325 465
253 815
783 944
495 854
258 317
297 705
85 982
802 958
710 863
33 635
396 659
664 899
292 972
663 719
81 791
119 763
120 203
391 904
823 901
572 651
242 738
43 479
372 417
301 923
785 854
254 901
668 889
371 875
320 919
64 769
157 252
472 722
310 794
43 253
176 474
90 176
180 306
199 502
237 831
91 233
354 637
281 689
377 964
730 960
488 491
423 895
405 720
657 667
158 504
87 306
91 951
20 505
407 459
265 502
142 908
380 431
90 325
596 719
152 928
744 986
246 320
178 992
30 577
514 838
485 885
144 943
126 645
217 239
255 355
493 682
353 511
9 731
49 998
485 966
472 475
142 345
554 889
203 285
277 766
61 151
335 473
101 811
546 936
698 735
239 701
348 852
97 220
788 972
75 517
352 398
177 245
231 958
123 785
641 678
344 546
370 542
25 393
491 610
20 660
25 58
297 829
10 430
48 245
447 759
50 607
76 675
21 46
354 989
297 846
45 216
599 721
214 561
175 821
37 820
149 202
133 693
405 816
150 637
634 976
530 971
642 989
220 753
385 428
578 991
725 796
564 670
125 844
876 900
237 914
253 375
919 972
298 790
405 530
525 769
68 700
696 765
17 966
15 343
364 539
509 606
147 199
256 302
21 738
243 430
51 611
12 811
531 813
511 597
223 353
207 876
307 826
511 570
367 582
268 951
566 608
97 707
795 910
155 495
203 475
320 349
84 302
285 529
787 851
143 759
661 886
188 476
575 720
515 829
770 994
537 789
493 543
576 829
403 971
658 815
291 938
236 455
19 667
455 615
300 548
429 840
415 501
844 917
866 957
546 831
46 51
31 805
213 706
486 906
92 309
331 699
870 876
62 825
33 961
322 986
366 703
684 736
225 269
196 410
125 300
496 856
23 551
64 572
50 579
663 759
251 619
802 857
68 99
767 931
91 386
149 238
103 603
31 270
368 924
521 560
59 721
52 398
114 195
405 566
341 936
472 569
587 896
53 100
167 220
355 836
155 572
941 949
48 684
270 287
18 268
790 982
20 450
422 490
846 978
327 427
462 842
467 604
263 879
97 751
773 942
557 775
62 191
192 709
726 902
748 970
624 760
566 767
244 665
160 274
549 792
1 786
53 585
187 587
264 464
446 568
253 710
348 766
112 138
709 723
528 668
692 935
839 848
623 841
184 758
518 815
567 586
37 295
426 946
597 735
304 346
486 950
474 934
435 596
129 257
148 539
44 404
154 244
110 749
119 865
409 930
482 696
137 927
158 807
141 555
36 327
21 245
663 682
521 993
617 648
729 794
607 793
202 954
478 967
279 786
138 386
319 321
90 955
110 446
275 743
246 782
673 904
232 328
307 694
185 214
60 966
424 890
480 534
595 927
409 542
48 362
256 359
704 869
281 724
263 540
413 431
510 801
42 491
109 433
384 586
743 950
119 120
561 654
160 225
207 725
187 905
874 965
804 1000
787 794
43 634
227 489
528 986
670 677
268 349
782 995
39 974
888 968
134 998
49 586
106 525
108 194
291 866
18 726
239 664
149 640
370 793
351 622
226 277
67 779
361 746
343 590
75 536
460 982
32 693
179 518
35 246
166 768
732 781
589 660
223 938
41 698
483 825
45 98
232 631
671 946
767 773
572 789
375 620
224 890
629 981
405 795
24 402
480 724
245 988
319 357
733 951
38 727
112 943
202 801
349 910
444 998
263 354
86 707
87 126
424 854
919 939
738 990
24 176
480 562
216 728
12 689
345 500
626 863
609 619
630 831
263 512
11 491
217 818
454 705
243 578
6 290
217 931
587 694
553 618
130 941
61 835
8 81
463 595
126 827
274 396
207 606
397 466
142 175
326 440
237 275
75 248
117 333
647 866
463 881
528 966
504 638
195 803
490 689
312 517
403 942
153 519
338 509
464 832
532 849
187 736
61 263
623 897
75 951
79 935
170 897
101 699
448 867
309 942
788 973
53 980
239 557
250 546
749 956
474 926
20 550
148 467
93 952
179 659
353 644
637 684
573 592
153 413
577 917
395 488
250 887
275 686
186 479
564 744
251 575
450 472
140 572
181 344
56 575
811 817
186 334
760 807
673 944
599 822
489 759
290 480
262 890
530 746
513 984
254 640
223 467
596 927
480 845
247 457
468 522
159 663
324 598
203 879
5 61
29 167
303 440
207 796
216 321
53 338
113 207
744 823
485 775
744 838
464 526
94 128
460 602
585 599
196 944
50 474
126 561
17 35
92 609
142 314
58 817
240 948
22 860
792 875
666 688
830 999
779 883
118 949
482 849
430 497
452 617
257 589
40 107
387 478
196 598
435 458
443 983
390 562
13 281
469 695
310 357
314 872
278 903
235 294
36 221
495 792
336 639
353 823
483 992
470 750
625 867
444 729
447 746
211 318
399 599
435 902
845 899
112 777
457 578
578 798
298 582
444 840
120 260
409 743
12 388
38 652
76 599
223 640
228 874
626 901
409 513
138 193
272 775
592 652
4 554
591 630
320 847
462 574
337 807
547 756
108 998
472 570
401 514
54 452
256 267
43 85
691 993
195 302
125 945
398 465
330 523
39 481
498 837
320 621
209 510
584 734
325 756
269 412
125 546
195 703
129 733
39 374
21 999
117 626
105 718
493 847
39 711
242 465
204 774
484 534
32 127
415 916
277 851
499 863
633 637
13 889
360 683
433 637
87 840
255 314
240 976
40 184
443 789
779 927
688 936
156 758
782 806
623 840
204 714
316 396
495 606
336 829
351 666
283 618
417 668
25 471
706 806
157 722
340 728
659 912
35 170
421 953
150 361
62 933
28 845
175 654
50 917
755 872
771 911
63 617
119 785
229 369
15 970
362 786
236 895
664 984
854 991
12 424
253 476
254 879
823 976
190 503
380 961
592 729
609 733
539 994
246 958
301 599
216 765
358 520
324 648
489 719
327 731
552 939
539 915
543 727
229 821
553 851
454 730
557 567
25 734
851 870
484 837
621 644
394 429
556 753
118 390
29 367
375 493
180 237
471 574
442 980
277 917
800 946
380 500
109 210
40 999
477 686
593 653
133 354
338 756
852 910
299 518
104 494
514 787
471 796
365 505
809 949
70 854
288 356
640 969
476 537
277 728
633 650
835 886
322 607
19 613
207 264
196 543
87 946
10 711
615 780
446 823
49 388
529 882
720 959
348 912
295 699
421 972
317 683
589 659
175 674
393 657
31 419
676 852
733 773
521 877
232 278
163 968
542 836
483 615
559 878
915 978
243 295
760 891
320 792
321 497
458 698
534 555
441 968
21 716
81 465
794 972
691 936
216 584
475 761
647 665
6 291
246 676
411 657
48 629
394 577
929 988
513 669
159 835
570 998
27 417
65 790
88 689
235 578
695 802
493 902
238 827
313 480
540 865
134 534
194 293
584 613
179 395
201 583
244 675
136 502
359 690
195 917
235 864
237 274
231 500
252 945
188 425
134 963
429 977
291 944
545 729
486 797
636 670
36 964
218 995
257 913
139 469
364 456
628 653
184 798
455 931
352 384
370 653
478 576
226 425
616 865
508 515
1 261
844 849
149 901
754 979
245 748
590 752
598 915
395 410
90 606
529 632
110 533
145 887
332 567
91 440
721 801
450 473
626 926
200 272
612 733
246 887
711 795
345 422
96 432
168 989
199 468
56 798
454 659
226 594
467 868
229 845
130 876
310 518
39 508
423 797
263 756
113 125
167 280
80 130
226 692
476 780
536 949
276 752
886 963
498 512
84 441
229 688
273 926
347 813
9 868
100 931
50 328
268 663
251 457
308 688
498 738
338 591
69 461
252 981
182 740
416 721
126 385
71 256
240 772
362 379
73 228
515 989
473 642
109 734
219 670
131 964
227 623
361 673
788 994
970 973
555 937
537 678
679 807
20 596
187 493
258 449
55 189
11 827
139 334
267 405
68 312
176 890
32 766
378 624
97 472
962 988
10 497
979 998
28 874
179 750
496 858
23 545
483 880
229 348
121 579
84 561
107 624
82 430
559 960
162 502
16 960
254 880
755 941
155 867
112 1000
497 894
168 810
777 924
208 247
194 822
381 452
772 897
76 310
224 513
439 740
502 632
29 104
125 991
453 984
189 610
43 84
686 782
263 587
178 757
164 800
471 676
132 262
62 67
526 978
142 987
803 959
627 675
648 892
62 210
209 526
29 315
380 465
276 660
338 785
230 771
178 934
415 919
181 529
56 374
477 762
95 191
131 356
333 886
687 795
389 548
485 907
348 585
330 972
257 654
633 749
282 875
355 403
762 971
373 938
602 688
515 795
164 331
92 582
615 747
70 164
400 944
645 678
170 838
524 825
351 645
102 277
141 327
970 993
366 750
827 872
22 458
196 361
288 884
326 988
84 742
214 669
488 935
505 527
487 683
400 749
98 902
659 881
287 848
146 868
617 799
486 496
242 844
3 822
133 651
11 227
530 785
646 955
16 714
290 297
314 419
747 827
540 632
371 607
704 918
411 692
160 884
432 745
677 689
471 584
898 970
151 590
761 768
208 896
851 982
433 813
350 826
8 439
19 281
22 584
167 433
762 781
799 896
265 697
69 611
476 619
330 913
41 450
19 390
44 935
35 700
326 493
753 855
614 784
117 280
84 215
179 253
457 483
314 604
459 605
45 668
10 885
120 675
140 240
309 807
398 520
188 228
32 600
887 987
482 632
230 506
157 772
461 654
831 836
337 384
542 649
905 950
413 555
76 811
366 629
797 965
119 839
375 761
48 204
598 884
103 302
90 635
145 906
520 682
175 786
642 837
183 359
37 797
171 295
577 824
44 47
444 881
358 715
12 589
271 704
328 778
116 937
259 793
95 541
96 405
703 850
264 737
82 664
467 986
47 734
66 309
56 771
128 400
20 166
78 404
502 672
51 520
17 616
397 524
489 571
220 957
39 475
99 308
33 134
346 839
865 989
381 750
207 826
83 776
601 971
674 905
269 419
477 512
276 733
62 234
562 998
433 730
200 879
882 887
8 34
161 516
1 815
290 864
661 863
256 816
869 988
348 561
135 749
317 778
66 522
88 238
35 553
398 629
495 691
205 873
361 571
71 428
408 612
248 355
550 730
532 945
844 963
644 683
6 644
260 668
597 661
749 954
754 976
115 866
240 598
205 732
413 527
103 253
20 663
292 924
594 780
318 916
410 451
693 744
716 831
625 982
284 947
121 535
12 482
551 591
552 695
254 853
354 843
312 427
59 694
245 815
284 593
105 148
271 853
368 962
96 433
573 929
354 685
466 735
600 961
142 674
273 593
384 790
761 990
354 540
406 855
777 833
225 908
411 719
321 333
468 532
156 266
547 683
609 998
160 188
118 463
104 265
489 817
181 651
75 440
293 449
420 629
403 641
471 993
9 794
639 648
251 347
144 639
271 446
131 267
408 900
891 939
288 318
507 930
71 221
259 495
557 962
722 899
209 860
32 819
566 816
109 955
166 386
792 877
576 816
757 895
464 814
528 691
283 354
134 940
155 191
619 882
252 837
459 613
351 531
305 895
269 796
515 988
236 337
439 492
171 786
230 307
249 938
145 679
92 304
112 478
420 495
274 965
131 852
337 447
325 406
129 427
40 282
282 379
488 588
469 919
439 803
331 922
49 173
323 794
346 473
914 919
349 722
315 366
667 757
506 803
893 917
58 196
205 435
258 514
918 934
379 384
175 955
16 592
237 994
54 184
206 871
405 962
587 901
34 799
255 787
315 810
34 654
734 967
513 683
385 728
423 768
463 759
708 978
132 150
385 841
561 752
169 175
170 368
632 827
246 399
389 914
341 489
127 408
722 980
874 895
891 951
387 431
227 684
9 609
283 334
183 809
205 817
611 818
101 864
227 573
10 801
168 173
192 307
474 933
496 921
296 753
353 992
82 222
7 285
193 671
35 172
241 839
77 473
296 640
520 544
227 872
193 776
231 848
163 240
755 874
150 478
79 300
7 451
63 619
410 571
823 957
275 635
349 566
298 568
392 701
7 80
375 570
121 719
289 811
38 686
55 324
257 309
383 843
96 283
190 501
565 663
271 796
8 636
320 830
561 848
281 552
177 591
219 500
203 971
52 284
548 697
20 370
526 572
781 833
394 427
293 679
458 614
256 408
207 801
303 370
15 174
184 234
477 571
60 517
907 1000
88 838
507 780
769 975
114 678
133 352
765 901
235 646
1 962
535 645
809 955
442 820
222 384
575 644
140 403
147 557
585 621
412 735
605 626
952 956
792 933
101 819
62 523
503 655
287 354
698 711
788 837
163 336
408 521
188 229
162 520
54 538
280 579
83 118
144 402
440 777
240 555
261 869
483 941
706 776
374 954
231 999
215 482
434 583
608 774
550 921
64 712
67 699
676 967
487 718
258 680
663 715
63 911
410 543
15 552
509 995
833 897
776 900
177 649
379 475
106 369
203 649
261 313
301 552
33 458
539 960
96 406
320 794
156 432
547 801
198 799
553 828
271 993
864 939
534 553
441 974
48 664
531 789
509 551
609 985
316 701
686 839
411 659
281 806
90 478
351 469
8 453
601 970
290 927
200 769
238 825
276 734
463 604
601 891
86 253
535 568
22 597
459 909
52 820
809 919
773 884
443 625
50 309
450 635
640 983
182 798
472 479
148 922
389 652
908 940
283 409
527 938
567 745
109 615
221 429
130 492
365 765
184 706
101 855
340 461
395 976
253 636
374 740
650 809
390 740
858 916
505 740
468 472
178 258
124 894
491 969
387 530
7 357
710 812
286 292
162 270
275 981
168 387
22 354
266 816
410 448
529 638
417 420
306 561
36 410
521 830
171 757
819 981
767 907
346 373
733 871
664 786
516 787
440 754
37 816
721 807
154 636
335 575
90 894
586 603
551 991
342 344
162 178
402 741
224 615
209 245
725 905
526 730
472 545
56 800
578 765
247 458
85 411
359 780
513 846
273 737
310 516
371 534
651 760
105 582
717 887
424 738
441 708
85 253
433 884
14 187
277 971
484 637
657 933
624 720
342 887
252 753
259 321
27 173
433 598
70 781
736 873
274 382
916 945
92 636
210 531
248 418
541 589
504 780
322 645
295 910
866 966
619 770
382 892
723 800
232 773
672 738
70 201
491 804
7 312
616 863
103 147
567 768
110 725
40 283
171 563
387 526
335 844
101 446
33 950
34 489
417 471
568 785
771 916
422 832
497 641
775 836
776 894
85 906
124 608
50 639
54 927
37 835
332 597
298 581
116 204
138 490
216 966
56 623
254 886
76 594
354 876
759 975
815 969
228 789
305 484
93 605
725 828
376 591
663 838
742 965
284 293
397 962
254 675
368 638
130 846
80 209
834 998
284 459
216 433
86 91
327 423
511 730
717 795
55 852
185 378
220 789
111 508
209 524
137 255
122 807
123 450
269 490
843 973
77 525
619 674
484 529
468 894
108 421
182 932
109 892
184 301
151 891
152 779
139 851
122 249
196 768
268 693
394 968
182 855
329 417
610 786
135 679
248 591
28 277
204 630
580 829
335 492
134 905
72 748
253 691
108 218
161 813
93 170
849 980
187 301
369 642
520 884
575 982
616 669
62 767
412 922
344 960
474 819
64 463
728 870
943 963
50 174
455 869
365 999
41 561
188 800
746 886
357 983
228 580
154 867
712 777
270 865
107 705
159 246
326 621
776 794
391 931
470 632
56 668
132 785
521 886
245 964
436 687
203 748
646 814
3 824
752 899
125 159
569 723
389 416
601 674
12 649
111 205
739 748
561 928
600 954
158 374
167 252
337 657
324 937
648 907
192 519
308 421
131 420
540 792
43 848
179 432
381 810
276 682
189 215
636 800
714 918
56 276
221 678
353 470
549 824
101 929
857 983
490 744
640 891
35 527
644 915
670 843
454 470
473 591
83 392
232 974
230 361
301 321
371 389
478 619
460 978
637 930
396 426
608 680
275 843
387 569
63 680
34 446
14 888
310 467
93 961
495 861
586 834
55 389
768 870
20 979
202 986
185 788
319 353
581 862
203 648
293 774
349 906
9 471
375 910
68 822
324 344
287 596
125 163
453 892
238 386
220 665
272 819
63 253
328 746
226 589
8 744
464 474
119 314
262 813
543 692
247 481
105 472
565 908
255 810
346 978
405 731
63 467
48 616
216 506
276 616
467 683
804 810
198 585
15 141
308 441
91 571
65 132
230 894
49 831
320 455
382 645
130 600
19 311
99 101
356 540
17 426
291 599
459 797
523 852
765 793
70 945
251 415
342 586
87 781
883 958
536 745
173 440
89 345
515 853
917 969
369 761
39 895
49 763
446 839
504 864
857 860
426 999
107 474
73 94
6 634
740 830
120 927
465 676
749 952
608 692
783 866
40 288
107 760
14 852
625 891
519 713
81 997
797 935
68 229
538 965
668 948
228 995
419 482
185 816
261 395
154 637
449 635
12 627
56 963
937 990
220 718
137 262
444 902
621 918
341 558
363 938
90 238
163 630
94 814
828 892
78 327
479 976
445 576
163 711
539 860
761 988
484 905
747 773
402 900
475 710
60 744
446 453
13 542
17 731
108 668
151 624
63 324
848 890
596 744
498 575
464 627
377 694
87 563
683 840
80 419
852 961
299 579
255 258
8 175
378 955
360 706
514 585
122 452
179 823
201 979
697 950
226 358
486 828
303 734
870 918
282 423
597 710
124 812
365 770
461 707
671 848
432 471
641 645
1 358
701 729
387 625
297 755
137 870
118 629
158 716
361 448
16 805
568 786
715 997
224 984
6 896
229 345
11 26
124 609
16 948
401 954
755 769
42 956
427 874
315 721
542 880
565 689
159 448
37 932
422 690
738 787
146 688
113 675
266 361
565 851
363 807
90 117
185 415
630 891
5 140
133 967
595 740
260 335
32 294
213 361
123 231
604 622
553 900
290 738
40 721
259 625
489 898
165 327
475 595
591 769
743 798
118 297
144 718
52 975
271 367
256 732
114 640
29 425
126 887
236 243
170 257
647 785
118 203
178 820
714 962
895 897
218 533
199 910
386 809
687 917
191 762
770 963
166 428
593 976
499 577
482 881
156 754
307 326
473 626
112 286
224 440
170 946
425 759
465 962
491 882
58 563
93 218
645 675
496 524
580 732
230 477
162 597
136 860
139 367
1 322
280 775
261 656
469 937
128 843
957 964
577 928
29 517
374 894
659 882
254 768
183 284
479 741
116 801
371 996
8 768
81 190
340 809
106 283
203 751
719 751
43 262
685 971
725 878
393 859
362 560
72 278
510 584
204 275
539 998
764 827
362 579
306 939
293 579
111 204
264 855
273 543
203 858
498 786
81 378
798 807
428 745
414 556
473 496
255 902
384 591
20 483
596 834
173 911
851 987
587 641
90 363
94 403
493 926
367 645
632 746
463 634
553 642
666 931
403 699
80 476
133 366
636 801
229 757
70 827
386 666
903 995
499 831
670 686
341 380
493 593
4 364
120 567
31 565
322 603
253 741
602 659
896 962
684 865
350 373
260 901
615 699
482 789
136 651
250 297
451 734
126 476
74 123
202 436
5 983
118 864
625 636
740 795
390 766
444 456
412 878
378 580
344 588
400 814
3 347
496 903
577 610
10 549
227 825
935 999
497 767
340 623
664 905
168 568
22 311
599 715
34 129
73 765
128 198
24 407
483 538
229 482
410 652
180 538
306 877
312 402
457 751
214 265
915 982
384 926
501 851
251 884
90 186
345 511
716 730
272 835
561 963
307 951
108 554
181 914
912 990
159 847
125 629
330 591
790 915
185 320
77 754
207 775
613 768
47 942
212 623
234 927
666 788
4 915
114 377
481 602
302 600
32 76
164 601
113 183
97 554
144 933
108 494
493 676
57 600
353 497
649 828
282 831
504 899
450 633
549 987
198 251
735 928
283 411
908 942
782 883
162 840
735 817
101 853
784 883
196 639
253 634
679 686
98 265
460 864
469 670
210 990
603 861
79 192
154 809
444 579
245 744
283 967
10 473
422 858
337 370
375 734
430 517
110 537
77 368
195 253
254 856
272 626
918 921
298 766
634 986
29 894
147 495
521 542
663 975
48 344
46 951
349 798
600 964
203 917
458 730
88 627
290 735
238 249
475 729
366 434
80 247
8 276
522 914
108 669
489 933
540 722
151 627
462 880
88 657
678 864
238 987
230 795
504 705
618 797
40 931
22 631
593 713
518 648
43 552
359 722
87 675
239 904
221 749
477 771
459 824
464 914
389 605
446 518
144 784
4 292
334 551
580 987
134 931
69 346
37 188
274 542
67 825
670 896
658 952
589 996
633 928
5 815
84 1000
72 976
110 872
182 437
650 971
408 498
101 555
12 204
468 510
253 864
235 285
533 926
127 795
495 807
461 851
23 972
529 975
125 294
470 739
235 426
441 479
279 663
214 740
31 470
54 925
435 909
516 866
612 927
573 655
298 722
67 403
397 798
626 958
471 493
517 573
315 577
264 557
171 497
565 801
548 561
271 938
739 754
294 505
349 866
203 945
81 285
657 724
730 898
267 640
803 978
234 821
570 811
401 406
96 702
540 647
248 917
601 919
467 757
489 897
414 576
699 754
80 354
118 302
246 275
462 844
583 880
414 723
222 280
669 839
13 995
416 787
221 576
826 866
522 635
218 530
151 234
47 53
13 197
295 991
593 983
460 714
706 750
429 789
451 741
287 395
849 970
187 303
593 864
442 480
27 838
283 752
122 328
156 610
288 682
740 864
192 310
67 930
175 439
20 628
98 672
63 694
505 674
31 148
659 919
110 759
261 671
6 978
763 815
488 939
396 742
658 721
715 896
439 768
336 751
301 799
492 994
440 573
206 932
867 938
318 546
150 575
409 631
217 574
107 894
73 546
168 778
467 962
393 939
752 788
384 802
578 688
99 655
462 543
67 173
299 462
686 814
268 791
359 854
604 627
511 619
256 411
203 810
639 879
226 888
139 915
268 629
144 555
604 657
186 822
722 804
394 795
661 839
848 978
278 405
443 711
745 971
174 853
286 883
36 862
398 925
67 864
265 1000
123 556
69 274
287 367
164 250
792 983
182 450
24 988
448 908
326 941
349 452
645 791
331 889
546 720
158 762
470 696
1 173
483 831
319 397
340 616
140 816
646 750
577 899
279 735
375 618
211 765
162 459
823 898
163 894
77 220
479 728
667 702
120 321
393 741
194 600
216 896
237 534
453 745
564 641
530 881
177 543
436 828
453 890
238 384
293 917
219 420
815 880
82 660
