1000 1000
604 741
670 955
435 722
440 1000
479 900
49 509
46 135
366 588
193 915
352 741
621 722
181 913
360 731
278 671
96 759
729 875
145 947
94 783
296 696
620 800
18 623
174 900
490 688
612 932
670 777
146 411
141 528
90 290
134 259
389 640
423 636
650 790
28 108
230 240
136 399
812 854
759 843
81 669
315 793
121 236
618 722
313 461
564 732
31 599
27 194
593 603
264 996
489 544
42 331
7 626
14 486
278 883
547 670
663 962
326 738
394 910
840 871
638 830
569 866
481 993
279 947
11 305
257 748
646 796
101 632
169 279
130 567
468 711
76 945
225 924
635 901
9 658
592 718
56 449
659 823
171 461
393 987
170 907
794 987
146 473
562 620
594 760
329 616
145 907
212 545
524 723
114 730
139 430
589 638
379 483
186 748
439 467
45 140
317 956
348 516
451 783
274 536
163 833
64 696
150 304
151 418
232 714
620 933
82 827
7 543
81 620
752 847
118 491
830 990
128 323
146 149
299 335
710 965
435 809
628 921
150 247
119 124
168 533
578 820
155 592
631 949
303 456
399 615
454 461
74 97
480 484
223 631
181 883
78 171
389 995
14 785
209 403
489 564
56 294
697 869
373 866
96 333
839 857
584 979
357 623
936 989
248 994
454 728
552 828
643 858
229 797
463 913
331 880
169 410
376 915
350 783
422 971
309 637
41 572
224 711
223 598
611 649
546 600
306 981
114 478
395 985
249 924
795 986
284 452
815 856
254 399
392 845
440 764
587 741
74 560
278 346
213 452
389 783
524 848
40 219
370 523
86 611
438 866
419 876
205 504
66 370
38 348
515 842
128 679
162 608
568 995
734 938
124 621
860 890
799 830
288 348
425 698
257 418
309 340
707 950
627 647
675 842
355 522
572 938
576 888
183 194
584 713
195 680
53 266
40 188
288 580
193 331
57 982
279 562
251 858
823 869
182 630
414 905
143 640
103 568
240 507
385 425
258 985
88 107
638 774
411 544
297 461
856 946
570 736
754 782
779 988
137 982
320 466
401 830
195 651
634 901
583 607
519 746
390 977
26 947
470 671
192 796
181 846
457 461
688 810
170 465
507 917
495 532
92 151
89 275
630 688
605 811
595 888
383 827
810 814
290 674
30 670
249 648
399 677
865 993
455 809
654 860
178 204
28 336
10 816
901 977
481 859
378 797
698 937
51 994
512 573
321 927
285 326
27 448
346 629
403 786
265 622
278 823
667 916
90 579
213 328
890 905
616 841
211 495
33 655
485 705
48 83
643 975
243 508
19 412
151 764
113 384
302 888
412 693
305 758
134 728
28 123
10 827
115 458
308 975
508 876
239 272
277 973
119 357
700 881
605 914
260 723
167 769
34 124
435 452
191 785
17 127
68 986
20 615
184 836
681 830
870 920
206 270
283 515
684 995
134 558
650 744
229 612
543 902
141 876
424 600
194 233
24 657
336 611
46 409
53 162
291 318
252 296
26 255
46 687
144 346
332 779
585 696
132 927
860 953
144 818
260 700
258 744
9 552
47 949
809 835
271 317
411 676
456 807
128 329
511 771
183 294
222 723
557 820
314 487
15 783
564 855
54 952
331 990
186 833
390 988
364 666
208 353
129 869
188 770
965 975
86 359
55 634
235 978
226 302
557 863
199 823
527 770
358 774
236 312
496 929
656 890
266 929
52 996
767 853
789 903
336 940
40 941
8 865
677 998
480 851
229 652
31 496
472 774
164 944
178 775
395 832
696 771
83 877
231 441
106 700
592 849
307 454
306 613
374 421
92 143
66 611
229 379
405 721
526 535
63 129
634 658
334 880
238 766
530 719
640 852
622 850
371 760
255 470
234 475
437 721
707 730
94 388
74 829
600 671
693 787
531 543
410 501
721 774
244 515
479 530
210 623
112 580
516 552
141 303
183 797
134 224
11 541
560 732
179 428
269 274
445 494
211 471
492 828
638 935
73 83
51 680
96 758
447 870
478 943
62 448
361 737
134 488
230 491
488 802
254 777
40 65
188 201
203 483
94 508
681 880
199 465
154 656
1 894
494 712
885 974
243 968
178 461
92 862
374 805
813 913
66 384
287 918
129 967
176 180
102 465
170 253
6 753
306 928
25 669
347 983
298 875
339 860
340 577
482 907
613 952
891 998
5 436
766 895
186 740
373 432
14 366
309 977
513 652
587 799
528 707
354 904
101 754
392 693
183 413
324 560
22 755
488 862
316 380
255 919
263 476
77 735
421 983
408 458
525 757
154 242
508 690
670 705
237 599
463 589
167 757
535 714
223 339
134 668
379 627
739 811
29 182
573 588
641 646
786 787
139 792
151 524
588 713
166 847
232 271
424 772
154 338
65 309
923 951
129 611
62 736
724 950
152 517
288 685
66 512
907 951
277 287
311 992
354 460
391 496
341 939
809 876
661 787
262 900
170 875
462 496
222 629
275 368
160 551
677 974
659 920
175 680
124 768
869 993
140 329
656 754
471 818
108 648
411 989
73 461
81 466
130 339
606 686
538 762
25 114
938 966
593 862
207 639
326 899
728 963
66 781
74 667
87 737
562 831
498 946
105 952
519 983
338 353
580 711
390 829
802 882
603 878
149 438
289 813
477 767
348 375
44 966
298 921
522 942
266 922
712 815
31 742
104 770
521 783
563 721
679 813
37 807
276 551
232 680
139 641
532 807
356 770
136 475
486 849
361 435
172 232
584 985
74 267
129 172
468 757
460 524
61 150
64 683
43 667
142 320
559 585
833 938
293 790
40 347
572 615
720 818
221 997
312 959
511 626
81 871
633 927
58 215
594 817
94 284
330 539
477 771
861 899
343 987
38 209
506 691
181 717
420 907
396 451
589 854
228 295
40 856
390 616
243 903
506 669
339 423
355 906
170 949
333 924
164 876
28 571
721 954
71 843
259 868
805 861
518 752
36 714
17 646
351 647
786 835
223 722
726 780
285 340
101 615
267 290
452 878
118 366
650 888
232 595
174 410
871 881
859 873
174 247
895 917
141 865
403 617
271 546
643 950
265 584
10 838
367 832
117 138
79 873
45 479
282 601
62 879
663 843
12 922
189 756
107 386
103 647
75 617
283 612
65 681
441 559
768 777
558 995
440 545
1 299
552 624
84 229
12 385
323 483
392 438
256 440
176 477
495 959
83 642
91 234
106 885
893 908
492 496
469 632
566 926
350 859
395 455
552 942
261 383
212 460
859 949
229 582
98 927
52 404
122 758
450 611
97 615
353 587
61 720
144 615
12 21
192 982
103 483
85 218
477 765
691 797
34 552
607 915
93 362
87 136
97 274
672 907
389 399
618 949
194 652
366 736
794 810
607 953
660 818
745 877
492 802
70 562
239 568
183 351
631 671
29 978
212 917
546 660
73 829
15 125
67 144
563 576
74 93
204 771
432 839
58 719
140 396
205 346
323 459
118 371
366 641
87 437
134 280
341 464
206 366
431 686
478 993
679 974
110 319
246 471
758 845
51 624
142 857
317 426
671 749
79 765
580 950
747 789
239 676
198 364
380 813
868 885
65 286
26 249
372 749
333 748
60 593
48 612
224 441
107 581
914 997
230 714
848 862
367 372
115 539
93 950
589 604
157 665
719 763
135 419
299 798
268 922
244 660
129 206
351 687
594 806
104 882
104 550
445 954
58 985
504 543
246 660
127 327
488 546
359 911
73 456
212 897
38 373
539 589
128 433
795 999
79 875
18 191
312 533
539 951
332 340
134 157
371 999
392 672
27 716
98 577
104 191
231 563
722 870
293 699
696 940
418 856
251 322
169 440
185 246
228 766
127 577
416 886
10 869
86 251
346 791
139 450
163 321
617 950
218 796
64 978
607 721
164 474
274 979
279 730
633 719
208 526
794 848
784 915
230 708
397 641
96 320
74 883
749 966
337 792
694 999
156 929
365 957
635 958
569 994
282 749
42 374
18 501
152 458
369 859
589 779
9 641
212 963
60 886
362 980
186 266
173 490
425 441
622 694
691 946
304 708
894 968
177 607
352 396
161 178
557 648
637 708
226 270
305 750
205 938
316 396
238 854
323 644
309 601
157 507
954 978
445 733
327 378
276 835
638 917
11 319
190 265
846 946
165 402
637 778
116 490
226 322
473 853
165 578
794 819
149 248
805 936
528 908
693 953
388 969
408 945
583 633
50 346
171 481
178 394
115 201
638 954
23 586
205 931
344 891
302 409
508 867
214 979
104 840
543 984
216 770
499 537
446 723
730 781
406 448
1 2
502 884
266 453
469 852
737 853
865 953
513 696
727 886
433 958
187 723
354 650
18 272
154 837
260 364
337 432
224 451
95 320
581 808
468 506
470 825
924 945
184 645
198 547
145 504
338 765
168 371
541 727
223 694
209 643
432 992
831 867
138 416
117 460
199 1000
38 620
920 949
278 766
104 611
174 593
228 934
155 539
330 714
542 841
228 356
514 651
71 390
10 793
459 861
774 821
97 315
3 897
575 738
68 408
825 994
2 165
78 802
3 132
