1000 2000
263 948
68 138
244 798
119 308
48 86
248 345
306 329
143 659
400 595
540 600
246 697
467 828
49 425
233 404
451 918
608 696
57 780
330 466
355 604
104 273
97 696
42 235
413 938
267 995
741 795
9 184
448 727
15 571
94 597
495 916
298 403
251 551
412 655
838 852
550 566
754 981
632 671
463 689
42 210
190 273
31 500
659 823
108 906
119 735
374 763
567 904
273 756
808 895
181 606
594 998
94 495
19 979
41 527
258 978
51 312
614 698
228 542
286 737
843 901
704 940
216 546
289 871
605 643
352 599
588 806
461 679
243 716
725 805
396 726
825 887
113 645
835 980
636 681
273 597
206 553
524 796
787 851
440 764
538 893
324 995
42 60
445 742
111 736
152 462
273 590
313 624
439 862
279 753
671 708
163 501
509 918
355 528
375 973
85 274
57 817
105 733
382 784
111 164
480 994
281 759
235 824
537 681
7 591
640 909
264 433
106 950
361 627
553 698
166 520
573 968
538 948
150 891
177 959
531 728
147 227
438 509
493 744
166 214
443 575
51 639
324 585
329 436
128 143
587 750
34 57
92 442
409 523
706 838
790 816
37 173
262 279
45 722
873 895
89 566
474 665
646 681
222 417
244 665
602 892
279 454
162 775
288 438
219 897
257 343
512 614
235 513
380 494
239 307
117 749
255 772
167 647
204 915
351 369
133 409
299 474
118 690
276 954
117 980
557 599
671 841
157 286
134 571
156 716
694 990
288 993
251 973
164 972
202 954
847 900
812 841
585 749
177 360
196 711
275 816
758 837
338 551
10 43
234 966
127 655
221 544
58 585
57 967
154 913
85 486
598 988
451 634
918 983
595 838
53 233
247 914
701 756
8 437
263 388
289 710
215 570
735 894
642 702
715 777
277 291
39 633
188 277
121 724
325 924
54 703
92 953
623 655
809 967
257 258
22 916
169 416
884 890
206 362
264 610
155 859
288 903
401 703
200 745
280 791
335 819
85 178
343 985
122 764
391 601
195 360
491 686
419 477
513 652
722 762
174 858
29 354
886 916
797 967
305 810
1 942
241 258
422 916
98 940
119 762
102 347
727 844
138 471
102 561
313 689
81 362
315 856
247 413
38 152
229 515
681 706
533 651
386 763
581 970
50 514
329 483
262 696
195 826
125 207
452 948
881 945
717 737
4 348
208 874
335 724
746 848
255 524
115 771
405 518
446 856
275 486
386 754
564 875
36 504
375 531
50 652
162 649
501 858
108 908
256 337
169 528
22 146
666 901
408 610
558 766
135 806
248 539
599 840
308 585
118 928
77 484
336 546
821 843
74 704
199 630
825 981
587 639
571 793
55 969
556 818
244 329
445 472
162 667
71 130
517 734
925 991
158 727
378 796
184 717
11 556
299 598
709 979
268 850
203 728
811 921
505 753
16 164
141 846
790 954
510 968
442 585
353 370
83 140
782 835
836 837
103 781
345 870
126 855
238 577
701 994
106 675
213 338
374 613
529 661
18 179
94 478
87 607
673 819
178 956
340 915
643 903
770 773
271 389
205 992
775 995
631 638
457 554
19 888
523 885
124 249
417 609
292 362
40 195
185 363
209 992
484 657
380 450
722 853
405 556
36 435
369 800
729 942
257 701
5 40
832 875
100 300
800 927
563 749
232 252
587 899
92 808
74 751
438 905
196 798
378 530
370 674
385 730
315 722
336 621
504 798
428 815
451 761
731 885
292 932
258 756
780 849
394 890
115 565
408 926
268 877
233 616
88 507
508 732
718 902
59 881
494 698
100 323
126 230
402 685
515 937
109 562
218 811
405 583
338 779
45 149
101 866
639 683
69 196
320 716
192 305
377 909
657 790
124 737
324 952
402 990
352 514
426 834
633 759
474 598
330 652
796 878
190 549
119 431
35 59
553 684
774 905
42 171
177 929
30 904
17 479
733 748
313 660
446 600
346 923
236 705
166 796
95 307
852 862
173 613
302 379
16 288
110 302
420 565
149 370
208 210
4 257
63 513
302 561
502 921
51 700
784 805
140 193
29 988
749 782
128 846
257 955
204 819
246 402
47 680
708 739
899 974
97 610
743 751
765 895
57 314
465 730
163 930
701 755
98 511
334 531
451 725
641 933
202 385
744 783
394 798
143 697
538 771
170 818
264 809
264 382
174 737
504 611
548 821
532 719
511 928
262 457
306 389
262 344
468 815
841 921
396 803
592 870
442 507
89 423
416 817
473 768
257 806
38 472
423 662
27 105
176 199
235 778
201 654
772 819
459 505
349 805
335 460
190 908
304 528
252 733
91 146
383 527
167 420
685 732
403 562
162 628
142 333
551 569
694 709
135 278
104 848
175 570
260 911
464 669
781 901
34 982
456 722
720 724
510 755
184 364
813 831
179 998
145 714
365 815
560 695
353 484
125 633
57 777
422 622
314 367
503 747
352 683
133 309
103 349
164 234
29 42
206 468
479 707
423 701
834 955
601 604
103 974
452 956
17 70
330 586
24 603
156 655
112 664
23 89
392 419
103 737
144 521
288 622
328 395
24 900
313 602
95 108
444 686
545 775
180 580
532 635
73 807
562 706
255 507
38 343
613 822
526 919
103 194
346 763
2 873
188 604
265 375
266 335
881 889
163 733
368 494
95 670
573 623
238 948
535 701
335 573
247 943
13 744
325 865
859 959
257 705
275 286
131 655
652 897
51 839
52 436
306 603
676 913
355 733
553 794
492 917
427 770
653 698
102 383
468 523
35 767
14 513
550 727
379 951
506 888
624 901
474 609
181 795
355 629
46 954
418 888
240 376
240 781
60 563
39 873
94 701
385 581
188 367
152 376
421 697
120 247
215 248
159 320
95 797
26 90
190 692
138 902
265 579
52 64
74 469
60 603
16 358
176 502
68 684
697 802
798 986
231 538
130 683
140 336
602 784
330 617
27 974
523 965
122 791
110 251
865 869
314 542
495 733
146 768
309 724
218 405
255 678
85 893
31 721
235 826
218 516
189 815
150 543
162 700
453 823
153 464
600 988
645 692
937 941
423 769
581 786
121 678
659 901
455 778
313 431
542 562
559 752
52 407
396 769
277 412
114 645
152 293
260 590
743 882
375 692
567 591
219 741
91 357
74 160
630 895
558 701
578 785
577 834
303 503
88 903
234 816
682 723
628 766
205 539
48 495
659 906
416 765
695 754
3 386
336 613
380 630
396 824
134 140
344 393
290 761
40 732
210 609
447 555
567 874
640 916
272 734
497 865
117 446
34 613
347 662
477 497
388 871
170 958
957 967
467 477
550 661
472 500
36 733
273 690
167 346
873 905
253 769
14 300
112 186
152 395
651 979
157 603
342 386
452 700
58 384
14 21
491 690
69 523
123 888
566 881
203 624
149 378
412 630
14 795
329 637
277 432
167 433
47 688
156 902
50 535
259 960
95 147
439 907
413 673
485 532
806 845
314 806
660 831
19 612
112 637
99 552
118 265
266 788
14 116
236 265
458 649
665 784
27 251
252 566
241 597
754 861
410 646
341 658
747 966
809 974
6 555
121 281
87 430
252 367
180 647
221 323
97 861
263 500
545 565
198 488
731 763
227 392
76 214
147 715
79 524
45 258
102 893
142 793
325 908
588 774
383 876
131 223
260 428
245 272
88 683
641 798
91 544
133 203
309 809
219 874
901 928
459 917
426 576
390 602
231 707
158 364
87 645
552 791
406 826
228 859
33 339
765 770
674 707
714 788
699 713
811 972
483 623
447 637
161 247
126 942
452 965
558 972
460 799
262 919
624 691
126 498
416 1000
479 701
6 754
405 629
121 952
624 770
345 697
35 286
532 938
336 783
278 998
78 526
171 277
319 800
785 837
681 884
43 802
266 498
374 910
216 366
108 895
2 879
77 639
411 951
185 952
244 683
44 133
279 291
33 841
251 293
415 419
536 825
77 743
354 364
176 814
855 984
514 529
658 848
4 21
240 766
675 809
857 910
136 142
233 879
36 868
290 939
182 666
739 872
167 499
226 342
197 439
821 850
381 400
308 880
168 195
704 943
465 519
333 856
308 682
275 697
22 1000
25 661
766 877
54 215
165 523
299 675
484 749
658 819
841 990
150 288
275 593
29 706
257 673
21 430
369 901
62 480
33 973
843 854
5 512
27 968
245 817
502 929
249 643
30 536
307 766
586 770
684 814
441 465
385 919
614 683
172 423
653 997
263 914
341 478
218 395
2 185
294 347
50 320
27 647
413 610
569 687
622 675
570 909
308 559
274 852
30 515
123 632
625 865
534 622
114 656
133 847
333 423
341 487
291 805
51 900
624 860
790 978
116 389
460 586
463 750
444 825
805 901
112 159
282 322
270 448
454 507
56 385
437 524
349 698
889 989
263 565
636 689
412 907
92 220
167 217
428 523
490 637
166 292
561 615
639 846
289 292
201 887
751 860
48 376
287 385
553 672
607 647
256 730
94 320
222 675
274 466
167 651
95 739
461 543
633 950
279 338
46 75
594 955
470 843
245 730
553 681
494 609
691 832
66 824
91 381
331 715
151 881
298 906
840 938
435 601
718 830
777 950
361 446
198 824
344 855
234 986
293 604
827 898
658 920
197 977
438 453
134 279
248 749
121 148
105 389
200 623
539 698
99 940
441 756
502 927
108 949
762 771
322 416
694 839
39 54
459 889
210 343
156 370
139 839
70 294
328 790
437 770
318 689
339 780
71 317
915 961
112 583
61 231
147 152
497 600
538 926
406 744
426 596
82 498
263 534
321 523
451 612
229 759
87 178
234 642
130 742
55 912
99 256
812 826
298 432
265 521
949 969
197 596
54 690
76 619
439 571
188 972
3 481
23 55
426 716
796 885
619 826
177 438
551 732
200 422
420 948
498 576
541 679
138 689
326 330
550 832
132 346
179 523
311 996
408 882
766 983
360 842
605 896
180 640
87 980
560 921
99 487
213 942
450 839
204 743
149 508
226 299
426 582
349 852
121 634
397 530
456 871
715 757
473 706
81 164
154 536
466 982
216 957
475 531
127 128
2 337
307 516
183 206
117 869
650 737
333 947
227 583
299 623
121 515
482 920
50 513
490 546
490 511
143 219
879 891
697 875
312 513
386 792
365 958
641 790
170 441
66 675
817 918
543 777
513 891
148 608
111 348
499 793
423 703
246 701
192 959
339 832
587 723
364 712
633 676
632 668
299 703
172 711
482 757
782 877
176 903
126 801
130 415
81 449
448 870
655 678
714 948
83 735
227 271
668 834
89 790
80 293
137 367
120 124
546 616
619 712
344 474
191 576
218 245
571 651
330 634
262 421
64 700
35 109
36 306
7 499
138 187
672 810
603 638
323 806
133 553
61 391
647 821
86 972
203 864
99 339
671 867
468 494
144 807
16 620
480 633
173 420
62 898
795 898
280 843
154 499
243 266
562 907
28 472
266 383
213 596
89 107
181 571
221 638
627 999
55 508
573 639
170 211
870 926
359 773
495 943
295 759
85 277
196 947
267 414
105 244
217 901
73 451
791 916
299 667
214 892
240 369
384 886
301 377
230 796
413 906
658 954
844 913
461 627
216 564
340 781
470 948
487 622
518 540
65 849
210 273
100 238
798 875
312 555
607 990
670 890
238 999
23 547
251 805
146 715
226 637
333 834
358 842
624 861
145 671
148 522
277 362
297 612
887 923
340 891
344 521
36 199
38 167
373 386
279 1000
287 982
435 867
224 515
461 991
174 444
265 813
455 998
11 730
302 506
181 273
113 635
536 682
81 530
432 452
395 517
404 874
540 820
466 552
488 955
855 909
857 867
767 895
650 721
48 712
589 913
308 743
290 653
310 584
812 855
870 954
263 578
11 102
286 603
68 93
34 221
415 550
678 679
24 475
171 905
752 917
666 806
630 938
404 708
444 959
393 955
694 987
3 1000
9 363
508 871
121 146
858 989
530 901
440 878
148 551
555 602
754 902
137 818
154 685
379 406
76 462
276 565
103 260
179 793
107 788
43 755
744 772
423 740
425 522
530 585
472 897
34 239
879 974
254 914
330 547
439 548
318 890
30 724
363 994
95 571
421 943
575 631
334 448
157 601
114 227
441 945
573 1000
228 978
69 179
78 116
27 156
482 612
119 199
398 432
81 638
699 873
176 298
505 543
855 913
453 786
94 744
392 733
616 754
76 533
19 831
295 814
405 704
5 880
48 62
69 498
12 998
668 864
764 985
231 290
182 279
242 514
315 633
13 945
430 993
824 856
399 935
781 993
247 645
529 553
434 866
411 644
656 692
68 952
788 932
132 234
43 817
155 852
136 887
302 734
82 857
292 890
576 880
84 516
67 241
221 498
41 417
222 821
153 850
616 736
28 534
469 644
73 766
223 692
249 874
229 958
412 703
214 409
14 415
640 986
788 931
274 696
757 919
280 762
557 688
336 503
224 482
131 549
872 899
653 973
207 605
613 762
106 797
236 853
107 381
274 892
498 904
82 766
154 659
235 465
145 422
87 997
167 454
95 430
400 431
328 391
854 921
46 714
272 515
755 964
648 991
178 690
160 169
256 929
130 167
258 989
25 395
208 272
300 686
6 103
600 838
380 585
126 616
127 716
256 747
314 484
504 864
741 774
244 479
564 894
247 503
784 897
370 648
498 756
192 380
504 905
720 926
132 625
189 299
185 598
114 362
421 894
668 754
189 721
288 632
829 929
283 703
105 774
95 231
208 964
625 739
590 591
20 403
140 309
286 859
416 565
308 406
574 937
97 315
228 539
357 889
618 789
273 599
680 913
401 538
132 833
42 284
611 891
189 603
461 907
440 762
240 759
443 647
351 886
23 387
766 915
433 794
76 437
95 381
467 583
50 430
90 233
678 867
492 709
419 713
481 615
83 919
270 811
16 838
612 1000
261 620
136 405
227 468
64 493
446 694
657 738
341 777
362 859
678 696
308 691
681 965
177 678
450 915
12 609
308 501
461 859
171 384
262 404
375 864
319 727
359 433
362 637
164 532
535 999
294 994
208 469
209 375
310 535
96 687
189 787
265 438
214 462
491 948
542 711
691 693
658 803
53 795
328 684
557 784
172 997
729 769
920 991
52 799
453 675
242 323
185 635
595 631
600 991
341 947
837 990
309 879
291 355
203 958
187 984
48 673
73 703
587 862
548 869
775 804
425 893
632 718
15 197
661 691
684 789
349 892
5 319
340 948
217 710
87 727
209 813
191 222
230 474
323 923
147 425
609 793
325 399
244 900
189 346
777 947
669 976
122 815
658 729
576 728
531 749
381 911
148 238
280 617
229 453
692 706
330 569
48 409
598 764
590 700
902 934
103 263
328 712
77 424
4 88
874 988
377 809
605 860
199 416
351 816
595 763
192 268
183 539
330 544
493 607
264 712
121 500
737 799
82 505
66 776
15 991
145 821
609 947
22 551
353 476
278 413
191 245
449 907
730 921
255 902
37 421
826 993
207 414
245 691
467 639
35 45
199 667
58 406
661 727
683 726
685 742
122 356
733 783
1 395
74 310
367 497
98 733
266 561
691 966
253 959
280 749
302 724
46 905
96 975
280 796
11 355
140 243
24 940
331 943
188 231
518 780
500 878
377 828
655 827
74 868
55 316
209 447
463 476
359 837
397 616
576 962
224 727
985 996
306 965
244 999
152 483
264 765
506 560
270 439
533 824
494 522
96 949
615 769
192 249
272 987
112 384
445 463
450 497
339 344
428 869
144 282
311 475
836 871
121 971
105 641
109 516
712 956
20 987
147 725
232 257
319 804
36 763
1 271
19 527
238 641
361 934
89 778
222 320
919 959
210 709
512 556
123 397
164 908
661 747
499 673
279 295
358 946
341 431
159 360
396 449
92 157
253 398
403 949
189 870
688 997
379 789
72 726
14 281
202 530
495 700
119 410
47 804
229 641
143 369
435 501
75 103
519 917
465 477
360 607
714 946
380 808
454 564
24 492
98 805
686 855
302 648
367 574
78 647
128 900
950 971
572 839
942 971
341 917
362 967
113 798
84 294
727 879
655 868
72 955
308 686
773 868
481 899
26 84
371 531
174 787
366 684
298 641
264 411
163 633
756 789
314 503
225 784
9 790
263 921
543 849
86 260
126 849
398 757
17 585
182 443
751 980
6 629
189 768
647 836
488 562
360 918
640 813
769 900
89 105
17 260
162 369
364 418
78 510
686 761
391 984
90 991
791 801
315 706
78 617
32 822
36 774
238 883
826 928
186 349
58 160
99 532
242 901
791 918
241 490
426 642
140 187
384 743
160 862
255 266
280 701
99 323
335 354
120 369
213 471
729 985
110 268
493 967
348 385
117 619
511 679
314 538
848 873
557 783
10 332
270 826
953 961
20 916
707 767
584 732
380 525
783 846
383 801
477 902
77 641
455 777
160 910
648 691
59 580
390 475
104 496
196 577
363 806
218 408
856 933
603 717
218 523
701 889
337 708
11 813
28 280
417 630
521 547
170 492
98 513
485 725
219 831
224 418
114 641
479 828
262 850
67 355
49 220
831 982
686 789
47 521
657 717
254 429
166 743
7 289
195 683
424 711
541 922
103 265
275 518
366 965
498 603
561 948
409 844
279 674
394 469
400 948
200 977
112 819
258 635
117 664
351 641
373 782
321 867
803 960
244 541
465 739
212 499
344 736
149 953
944 970
154 865
447 676
51 698
34 609
827 903
37 660
131 924
722 818
657 881
329 909
610 761
348 896
661 934
276 591
377 522
69 415
660 821
408 655
489 773
253 313
80 486
5 297
346 553
475 656
5 885
11 143
512 803
589 779
97 982
6 573
907 924
52 61
456 595
368 949
618 962
229 611
15 216
783 984
785 902
2 831
187 306
175 776
848 978
213 763
19 507
238 749
595 962
80 763
800 863
275 949
612 842
224 576
853 956
361 579
195 532
17 308
587 592
441 818
350 921
60 679
580 907
64 348
137 743
103 608
255 516
331 387
553 824
333 364
183 948
55 995
248 524
58 334
756 899
149 288
248 966
91 113
221 344
421 833
795 930
377 860
