1000 1000
599 741
344 902
67 884
80 450
166 318
412 629
750 972
909 966
84 636
3 412
597 677
422 695
676 856
283 329
238 535
361 633
238 875
272 427
590 735
338 921
405 572
456 992
219 601
17 801
283 813
80 956
227 959
230 953
659 866
629 869
645 896
235 789
502 838
331 722
361 504
17 209
166 325
250 345
482 723
58 65
223 452
325 721
338 699
40 148
13 849
530 914
614 738
910 960
80 116
35 528
464 536
276 932
88 744
381 649
462 612
577 782
475 588
328 735
336 449
57 954
390 788
428 709
711 915
54 434
611 957
397 894
215 987
50 619
295 905
124 261
236 770
253 956
565 627
433 838
381 733
103 655
48 292
377 772
403 487
183 291
985 992
172 447
11 564
312 493
416 543
173 755
340 456
432 800
469 556
623 911
287 769
437 595
51 776
12 514
51 511
291 632
103 303
57 850
552 896
540 777
333 517
398 493
216 420
845 881
25 481
288 575
234 513
137 690
31 419
311 410
784 921
474 787
259 836
264 686
79 525
697 959
369 615
330 743
276 287
309 311
172 295
569 633
532 733
518 611
507 842
47 381
410 682
98 578
39 299
503 966
276 398
523 614
129 693
200 792
311 784
106 446
282 641
168 993
274 581
151 663
428 435
97 946
651 887
240 315
342 850
326 980
528 532
309 945
629 812
297 390
232 517
412 435
205 803
136 822
60 713
74 428
686 696
410 514
33 709
142 207
69 917
192 707
236 540
537 822
165 616
64 476
454 974
275 991
340 496
285 295
506 626
385 921
36 317
319 649
14 217
694 915
574 636
220 314
129 253
828 946
759 874
23 266
517 779
365 782
4 850
567 573
352 743
341 419
131 905
159 471
19 419
281 367
261 412
256 732
616 995
795 865
317 320
529 895
120 441
303 961
672 939
47 818
721 858
50 180
15 44
203 772
280 434
124 496
293 998
649 885
439 680
116 231
513 723
309 522
539 708
93 312
524 881
701 740
775 916
138 520
391 739
274 440
260 975
78 292
456 864
101 313
179 322
414 810
25 686
554 878
114 284
283 753
560 941
682 703
280 990
338 662
192 398
67 554
302 729
463 486
476 852
540 660
610 630
4 931
9 543
408 737
477 644
782 898
901 924
2 368
80 555
160 640
190 672
162 466
256 692
631 749
736 857
535 701
111 352
580 686
914 965
161 379
107 125
241 281
67 743
136 464
3 305
443 611
545 852
568 735
681 684
506 518
104 707
371 841
133 708
65 249
11 296
515 727
18 805
117 823
15 885
566 893
59 325
129 192
34 558
26 589
332 406
57 887
477 518
21 345
355 386
111 845
288 320
338 844
623 918
42 589
98 107
73 670
190 243
251 872
476 871
522 918
529 941
505 752
566 824
235 299
197 849
208 547
750 952
20 380
134 151
135 971
462 468
472 512
340 943
450 484
454 837
187 189
342 532
394 734
315 379
431 537
891 946
31 784
370 635
280 292
449 840
460 913
27 798
586 887
376 865
544 707
209 955
471 845
211 555
52 901
286 486
41 871
677 990
187 349
200 580
638 847
215 351
394 816
755 890
23 169
38 451
292 589
218 677
609 873
501 624
726 828
247 594
235 326
262 851
848 977
362 933
532 749
138 970
441 466
473 805
69 76
794 899
570 969
568 878
693 708
518 994
79 680
463 722
9 562
778 887
50 811
127 928
175 268
137 602
256 512
510 634
18 108
175 407
490 806
79 629
115 974
883 888
120 515
539 593
406 616
148 955
780 872
314 564
308 707
715 773
162 875
69 627
626 710
345 724
531 886
121 879
415 830
380 441
308 398
69 232
111 721
44 373
512 854
971 999
124 971
714 880
151 278
348 815
310 381
755 840
68 295
226 297
568 935
269 932
89 851
884 897
587 598
89 315
397 647
167 863
54 872
649 818
100 223
350 434
511 672
686 971
513 535
813 996
553 886
664 964
254 476
261 911
117 197
469 561
553 723
139 723
346 911
79 706
80 548
6 605
562 847
294 737
476 732
447 496
181 317
103 870
609 997
517 570
727 832
564 754
431 965
1 811
938 963
53 437
119 170
87 177
839 972
713 738
340 671
15 404
196 400
534 708
183 186
285 878
421 726
425 659
254 455
36 158
856 863
191 956
235 464
199 750
152 777
126 495
80 517
70 316
198 927
235 931
85 420
516 535
86 392
736 873
656 750
804 896
274 759
219 794
191 711
151 811
479 494
279 285
215 662
251 976
59 939
215 429
144 370
438 515
209 563
529 710
230 552
349 786
288 952
277 738
720 823
471 878
665 832
429 999
64 106
99 932
292 894
353 993
553 743
540 786
173 482
302 912
156 720
364 781
215 342
410 630
114 155
791 951
203 578
78 763
110 844
317 385
32 964
290 578
250 714
664 938
17 452
585 679
96 609
12 898
159 486
715 752
539 623
216 614
163 862
522 760
434 752
33 467
682 699
785 972
8 231
273 571
105 525
308 666
569 747
152 829
128 495
82 216
18 101
349 831
250 918
490 627
100 507
303 362
193 421
359 496
376 855
27 671
38 945
524 713
510 891
36 199
157 871
134 681
529 551
760 838
539 749
528 854
207 454
305 918
473 609
400 473
599 973
29 346
43 57
340 539
176 524
103 247
297 909
382 725
313 511
219 853
526 781
581 595
331 443
498 543
10 864
441 1000
601 643
171 179
604 818
73 283
304 746
17 412
659 691
123 664
104 566
240 279
297 766
270 579
39 470
69 311
363 908
353 929
183 600
245 942
28 119
225 539
687 831
219 390
245 619
8 785
343 699
265 824
413 911
309 787
492 597
386 496
108 795
817 906
190 809
26 451
78 716
303 358
218 467
82 781
103 730
179 784
347 975
104 821
674 810
92 181
481 645
688 757
106 265
274 458
542 620
218 757
510 928
139 840
454 641
50 174
15 42
514 960
162 749
8 200
128 713
135 310
758 991
295 887
556 931
172 803
699 859
45 899
720 734
345 376
107 925
5 655
147 620
288 560
115 438
470 902
548 725
386 536
227 881
121 470
464 588
165 516
44 782
101 971
163 269
169 373
661 823
169 598
383 997
98 129
411 550
502 613
199 734
176 825
16 89
446 964
62 122
171 453
621 974
458 909
259 478
155 390
249 922
608 907
807 831
190 242
464 557
823 888
301 437
306 938
527 635
305 325
132 454
42 145
665 772
65 268
277 641
3 650
133 493
77 667
756 992
713 765
962 973
905 990
384 735
16 366
260 692
195 987
108 424
840 985
352 694
294 328
49 990
117 553
17 120
366 908
88 801
197 476
745 998
479 897
389 425
875 938
43 433
288 437
316 446
5 965
549 829
250 438
255 741
775 807
735 890
132 880
425 594
658 907
602 818
611 953
104 621
375 688
595 646
661 668
206 825
360 821
124 182
547 619
513 518
586 699
537 943
667 1000
301 499
281 392
892 940
429 627
44 246
481 606
383 596
82 438
284 926
580 613
373 481
450 552
3 951
22 795
485 589
523 579
619 758
343 834
358 365
172 528
126 691
557 745
774 881
217 905
408 522
283 769
32 149
90 993
474 791
227 695
417 603
128 530
541 704
476 904
38 56
43 795
527 809
496 660
527 740
589 694
215 837
923 974
45 408
561 700
366 467
23 81
18 537
786 859
483 734
99 936
35 447
66 832
621 679
745 976
416 895
305 695
349 581
121 498
126 244
190 770
368 925
670 989
443 486
74 79
701 726
502 804
156 879
169 715
250 996
775 938
373 543
291 976
353 939
632 681
105 955
509 519
271 706
242 761
131 501
174 865
101 858
21 517
363 533
557 926
59 223
122 582
304 429
343 909
273 495
149 692
732 753
258 466
95 196
622 921
286 930
636 855
141 763
669 929
19 576
891 904
197 822
779 870
251 566
931 975
429 492
69 330
578 860
52 963
151 337
138 650
337 478
581 718
512 902
693 841
47 669
428 625
274 691
156 333
66 68
690 961
96 156
638 795
285 443
6 777
407 772
305 838
286 751
270 805
294 787
405 687
32 238
175 855
127 484
130 842
30 586
518 687
235 627
631 665
339 722
44 436
116 729
321 534
326 605
65 396
546 658
62 212
264 726
154 416
110 165
244 510
149 641
405 740
89 532
539 901
206 950
353 578
272 779
414 474
157 370
242 301
335 866
464 971
755 784
62 106
633 788
312 716
423 593
438 778
770 932
308 539
913 914
766 780
791 990
515 559
104 781
373 704
2 511
61 372
39 493
140 825
310 496
458 473
268 620
242 489
283 325
574 836
642 933
589 940
124 895
43 766
231 812
130 373
382 424
235 662
934 958
500 509
190 395
502 850
38 300
46 87
63 682
390 654
529 722
268 289
415 974
121 248
633 760
380 840
40 948
383 556
255 310
31 962
102 379
211 542
521 775
729 989
514 605
325 415
93 191
739 747
327 338
788 830
252 277
868 973
10 366
38 759
188 999
378 486
625 913
192 705
839 885
188 753
240 549
597 736
426 810
600 616
746 851
595 603
328 788
480 703
191 610
559 851
460 796
