1000 5000
214 377
470 546
306 515
412 607
381 392
111 820
314 733
207 607
61 352
422 583
301 433
466 496
428 900
48 667
251 299
343 602
236 650
535 685
644 673
79 529
98 784
85 373
620 800
394 903
733 906
167 371
523 539
541 984
339 813
65 233
410 775
651 923
333 397
320 788
357 689
339 465
565 866
525 783
103 344
159 529
86 847
201 925
219 298
388 760
650 858
597 807
11 652
232 506
690 801
513 888
401 454
453 901
71 911
143 664
404 981
56 306
316 695
480 760
280 603
388 655
661 859
28 296
500 747
488 734
156 168
602 830
157 342
692 839
608 703
13 188
130 376
627 810
187 649
663 952
258 366
311 443
82 759
559 891
671 774
155 352
178 515
855 991
508 624
915 999
8 521
647 947
613 665
671 919
287 323
345 456
36 564
436 580
570 716
555 646
554 898
695 935
518 676
151 670
43 113
225 451
522 683
137 545
605 861
710 714
489 553
787 837
649 804
814 980
711 904
432 882
378 601
196 833
52 685
56 574
272 651
32 802
791 906
21 955
150 748
483 970
597 983
209 555
28 342
267 509
88 249
323 661
52 999
450 823
361 919
586 789
238 405
368 975
386 559
845 884
539 936
228 542
559 698
601 842
671 924
747 881
472 605
92 253
535 587
369 491
920 965
132 401
116 235
44 120
305 534
268 670
285 536
267 622
567 897
182 892
68 707
76 246
131 174
510 888
647 846
139 350
503 604
602 768
198 545
53 669
143 543
200 682
218 732
441 704
8 936
227 243
217 412
474 530
592 678
383 582
259 716
242 428
481 620
740 968
745 802
792 914
136 598
187 756
600 965
33 68
123 966
605 875
368 597
202 916
350 581
113 345
153 821
693 947
233 653
305 357
309 373
440 839
330 938
24 518
333 666
25 806
667 813
910 993
710 898
267 410
892 993
290 386
533 907
458 992
112 563
57 739
898 910
558 637
779 880
100 842
618 907
216 327
231 826
52 546
272 323
143 478
15 227
442 905
386 471
331 992
498 573
354 672
67 221
195 999
626 683
271 528
365 886
187 378
723 796
484 946
506 797
341 791
642 823
143 764
755 930
203 417
150 221
116 435
297 639
379 835
529 836
730 748
514 583
14 956
571 666
236 628
366 703
12 936
161 917
855 882
110 266
678 777
154 342
373 445
193 484
49 660
467 590
218 849
555 853
202 567
39 797
294 602
173 864
637 689
545 760
514 828
548 659
367 895
299 954
357 559
121 251
486 632
88 492
126 723
108 458
311 952
422 558
133 681
189 476
11 830
411 846
231 268
431 980
563 893
179 580
58 962
19 568
554 664
96 491
3 873
166 834
385 883
299 661
778 823
355 496
317 750
624 626
363 915
380 472
245 269
309 686
737 760
552 974
119 779
484 977
486 821
729 775
40 914
40 487
130 174
833 989
226 933
170 854
461 617
525 747
13 694
620 687
805 816
535 785
609 781
95 782
741 946
282 479
302 684
305 643
378 971
736 745
201 882
130 997
2 942
554 643
679 936
115 446
423 916
135 341
709 746
265 270
50 89
472 657
414 788
307 378
182 634
400 765
259 296
385 997
149 457
579 979
393 580
232 444
106 413
144 600
664 969
383 971
131 354
439 933
535 612
316 830
389 550
198 757
472 484
159 881
108 627
75 378
555 922
785 895
438 713
41 964
540 640
206 270
446 568
102 816
193 641
269 748
53 762
457 788
699 757
44 743
278 794
44 300
557 751
706 833
355 510
29 310
230 766
188 924
107 724
179 707
329 580
36 344
38 923
368 430
471 897
496 696
257 938
537 710
932 984
377 797
624 767
291 362
7 94
136 435
601 622
252 474
254 466
346 915
75 134
347 957
383 833
4 138
117 980
575 765
445 658
579 758
375 977
525 622
29 158
106 237
126 232
382 957
622 696
239 796
55 739
244 902
575 578
43 155
723 995
927 959
750 829
515 943
38 39
275 444
439 778
316 861
297 885
44 186
301 805
563 622
503 852
273 547
453 634
308 806
71 624
207 485
371 993
23 696
575 661
28 677
85 334
837 863
269 653
163 406
128 148
308 664
419 439
24 624
117 264
119 969
544 812
778 856
265 464
766 959
929 937
175 551
34 527
110 297
311 504
220 697
187 694
82 694
427 452
247 522
198 828
289 717
785 907
107 777
203 982
76 344
4 90
153 891
243 812
190 208
478 490
563 896
543 724
356 898
68 756
179 468
845 929
440 574
169 603
758 813
23 778
190 756
340 811
434 711
399 875
509 844
131 230
167 337
43 376
188 397
280 737
668 877
425 965
340 749
732 754
472 766
87 965
452 554
508 914
590 645
807 897
2 329
89 811
22 433
576 878
64 743
321 495
45 112
268 639
857 891
547 777
12 644
217 468
770 834
593 654
24 202
650 713
3 987
83 584
449 792
675 707
548 677
129 174
572 758
901 984
419 875
227 956
11 142
198 721
731 905
532 718
205 513
663 926
721 869
758 855
119 991
82 281
300 795
564 693
285 468
288 466
537 973
99 509
355 688
83 279
136 646
174 962
209 621
32 34
378 857
514 890
15 364
541 569
107 775
230 849
156 729
554 932
77 344
358 388
282 950
321 401
47 234
528 834
323 1000
85 488
35 722
342 946
91 324
420 792
554 567
132 770
918 993
117 775
575 640
371 555
62 301
282 402
138 447
84 365
579 581
301 929
394 606
680 684
1 314
148 898
2 606
347 921
60 214
738 852
95 303
120 569
504 984
11 276
565 741
90 714
436 815
224 357
187 790
350 749
42 255
629 750
567 952
482 787
193 791
820 981
394 688
216 721
286 340
303 803
308 350
418 948
755 837
855 939
59 263
810 910
5 282
795 836
632 866
337 887
799 884
104 689
430 599
586 937
342 949
182 451
334 837
79 121
134 833
66 478
319 816
360 831
894 956
785 853
346 894
399 838
678 761
457 740
77 179
757 907
147 566
78 681
63 725
687 944
616 922
599 786
85 664
135 840
103 212
468 717
549 612
54 824
110 656
935 993
790 886
214 882
680 802
459 585
65 580
64 716
447 780
90 177
181 427
640 703
2 197
536 960
149 658
421 669
41 889
518 688
353 738
445 913
64 635
120 798
47 589
88 316
15 483
181 476
308 724
270 292
438 880
108 506
494 763
613 948
9 721
46 117
84 371
451 912
251 552
323 442
623 666
200 655
55 676
55 787
187 634
242 310
3 322
150 728
168 259
299 776
374 460
410 829
13 591
161 292
58 901
111 125
21 170
292 876
226 770
10 864
62 569
391 413
545 705
804 957
109 183
435 860
95 681
519 929
422 902
24 369
502 677
70 802
34 150
128 618
200 551
65 895
411 663
176 678
323 419
253 840
343 714
555 994
437 695
256 632
19 90
296 735
169 412
95 282
635 647
389 655
467 684
506 977
514 943
179 352
718 872
520 718
11 574
138 369
15 917
141 634
127 463
860 1000
275 495
455 531
334 815
153 801
460 875
209 279
173 659
227 624
655 784
489 492
219 544
329 493
256 821
572 657
759 785
425 898
5 203
541 831
581 845
85 381
345 557
71 133
112 980
347 997
4 322
498 958
65 702
779 844
671 769
659 969
287 445
59 556
575 922
83 901
375 707
156 386
321 627
250 772
213 581
17 279
18 415
233 753
116 304
613 745
615 814
300 975
799 872
605 649
202 313
148 619
403 408
188 463
6 194
478 586
542 784
318 752
798 883
124 890
244 657
358 753
288 834
58 344
223 573
149 911
25 401
317 713
840 885
270 486
292 460
75 980
310 999
388 482
299 569
160 385
140 725
819 936
291 761
485 798
54 504
90 149
553 750
415 971
654 875
474 699
298 934
388 804
113 796
407 866
375 585
212 349
160 843
50 550
36 643
60 748
403 596
719 816
331 377
280 468
230 585
447 477
30 207
193 376
420 740
111 629
419 907
352 711
591 801
371 847
582 667
270 489
289 395
551 936
185 604
169 845
186 885
132 522
77 620
392 770
155 494
157 979
47 820
32 536
15 992
69 231
533 680
110 550
113 344
95 653
773 986
371 451
222 799
498 658
318 531
331 440
629 778
616 710
36 71
74 325
184 818
59 174
633 722
354 392
501 599
464 925
429 933
100 561
105 586
110 256
590 597
183 602
844 893
149 913
835 847
763 887
223 997
773 946
280 847
465 994
580 877
359 639
267 526
435 458
697 803
147 212
38 400
773 963
560 774
316 351
45 887
409 798
672 751
379 981
340 341
655 697
618 721
517 883
495 939
479 557
354 387
668 820
209 396
62 485
353 966
138 896
84 850
654 919
208 255
499 614
298 881
467 593
121 774
840 874
121 467
472 644
363 480
767 844
181 671
38 631
936 978
408 726
580 852
944 952
305 882
359 628
569 976
437 507
534 987
350 564
426 966
558 690
354 555
63 986
63 412
376 441
157 385
217 865
396 414
164 824
128 580
586 993
17 396
531 835
848 914
596 795
7 308
136 366
600 701
410 763
674 754
641 666
861 948
311 407
185 364
115 837
573 854
443 775
151 899
27 523
706 844
802 911
52 399
288 552
215 536
200 410
273 324
491 582
612 778
745 788
391 518
953 967
53 99
680 905
54 558
184 291
23 314
117 651
206 515
125 828
63 414
874 886
391 968
214 928
798 967
28 236
159 316
821 985
53 591
147 412
57 644
96 372
422 550
186 506
393 828
142 609
198 514
55 859
184 950
58 176
258 325
99 475
210 407
569 881
164 210
58 957
202 550
205 826
76 871
40 64
150 883
544 998
745 797
157 951
209 213
727 917
32 127
582 790
128 675
116 215
852 985
669 765
195 279
31 787
380 860
513 686
13 260
142 818
139 687
157 729
545 928
33 286
505 662
875 940
401 722
238 703
477 925
317 393
299 642
264 416
500 596
672 978
33 580
802 897
217 602
639 730
196 496
121 793
356 782
125 865
644 835
612 824
316 396
445 634
176 401
303 758
178 493
364 622
439 502
168 736
518 618
160 869
358 888
105 414
90 490
513 679
310 767
791 839
187 502
633 759
281 432
122 955
125 350
515 769
733 970
438 624
169 778
131 735
5 404
7 432
303 782
641 939
452 692
180 337
899 952
94 332
938 990
593 870
230 321
658 922
236 690
109 881
127 987
847 903
96 735
645 672
281 835
175 433
115 944
171 898
264 629
45 997
407 514
446 555
213 804
659 921
271 786
110 302
93 270
19 160
94 420
257 522
203 632
133 797
150 661
944 972
409 938
245 793
504 819
574 601
431 600
378 852
233 238
513 919
715 898
1 240
311 360
183 232
496 695
723 856
501 740
83 505
502 583
156 910
433 535
485 854
750 948
36 628
255 320
755 798
351 358
371 604
372 771
122 602
780 973
784 963
16 93
720 961
662 932
61 120
318 894
233 326
340 750
16 236
514 570
474 600
165 383
99 544
150 684
580 815
227 705
282 573
448 583
486 894
231 836
413 971
676 983
589 626
54 264
403 695
78 386
924 934
135 951
215 304
513 793
472 541
438 876
330 912
352 952
111 899
79 417
444 866
727 814
212 412
341 650
503 623
335 587
29 652
840 989
291 519
272 691
772 820
572 614
884 891
97 415
408 873
423 803
828 984
172 737
907 926
375 490
659 935
127 144
75 502
383 689
96 390
793 941
117 394
99 508
134 216
247 353
743 831
140 828
415 992
344 671
151 810
581 967
213 221
732 1000
141 678
417 719
164 439
477 728
153 296
501 615
227 932
100 609
28 691
29 240
451 504
656 774
307 978
640 960
414 538
324 924
368 740
347 920
24 582
518 993
498 923
635 755
63 305
502 883
528 609
138 600
69 820
446 988
306 444
717 820
771 858
21 338
738 964
207 730
351 961
48 933
140 238
50 953
198 806
271 547
156 302
47 297
213 230
66 706
380 775
362 886
109 266
346 569
436 443
148 592
352 950
59 375
684 898
151 351
63 786
299 901
28 650
413 692
412 700
895 943
566 837
788 928
326 931
311 995
20 71
493 583
44 368
48 440
31 575
840 858
379 438
417 546
236 948
223 617
495 857
206 228
629 758
246 335
691 827
357 653
86 819
361 586
269 316
626 659
329 529
5 183
45 235
193 226
546 775
122 373
655 781
814 854
324 627
399 985
362 881
272 990
442 707
423 889
171 224
357 623
230 503
504 632
124 192
287 707
1 267
458 963
888 990
101 991
323 672
17 832
785 990
492 742
73 988
73 393
807 932
114 176
95 982
644 909
23 527
282 529
584 613
676 971
91 317
200 473
493 791
702 847
132 873
661 751
339 721
319 976
670 968
30 285
636 758
17 437
71 912
348 974
516 803
151 365
687 976
279 839
266 553
302 310
178 695
103 515
57 786
257 365
457 661
460 646
449 517
835 850
286 874
94 825
420 607
404 753
386 900
703 833
722 887
266 766
191 903
323 822
657 956
291 714
571 601
842 915
401 555
218 995
350 598
56 325
278 452
298 949
458 834
62 383
744 850
726 966
468 517
621 713
710 721
696 864
273 399
19 424
153 670
45 931
173 238
302 313
216 912
620 742
89 999
783 865
537 768
610 685
754 979
239 413
41 516
540 704
122 428
286 877
638 774
17 645
749 844
309 591
324 775
703 846
5 935
207 702
373 674
138 719
251 775
638 657
16 853
807 811
367 869
683 857
867 878
65 991
505 945
217 772
181 310
491 831
642 661
399 820
2 651
458 550
460 549
244 330
392 627
279 430
212 521
431 818
656 857
273 891
145 590
257 705
789 920
199 840
259 696
295 596
408 851
651 907
195 618
822 826
676 913
89 793
179 667
145 991
620 935
149 426
725 907
137 402
229 289
211 865
31 511
452 651
344 479
345 796
380 691
18 557
113 787
38 103
419 684
36 391
224 943
73 269
45 207
156 265
211 667
214 590
68 717
254 394
93 707
367 979
150 522
117 295
284 485
123 801
162 659
217 369
418 777
36 168
432 688
516 594
554 685
215 671
227 863
118 612
247 597
417 455
144 377
219 991
296 442
242 993
205 235
387 472
336 529
149 435
338 374
599 624
583 801
325 561
275 590
277 489
500 851
599 737
766 772
585 792
620 700
52 782
571 790
220 927
702 762
538 891
385 758
371 934
111 374
173 526
389 593
366 433
319 837
286 392
31 282
14 955
164 666
401 757
74 469
735 920
20 422
701 707
333 478
353 829
228 244
464 813
800 898
122 441
345 432
142 426
34 582
18 652
517 592
127 743
223 996
224 627
207 661
169 264
120 143
136 607
249 391
638 650
415 952
91 286
411 774
473 642
127 628
475 674
168 176
576 616
367 880
315 342
207 570
564 855
178 345
677 747
270 734
570 797
2 660
168 660
447 567
858 874
340 882
35 177
81 947
99 428
61 775
134 605
210 418
279 554
670 884
268 935
88 208
342 367
216 795
450 798
454 830
473 538
554 981
148 359
425 671
338 799
579 999
304 915
704 772
615 764
158 856
801 852
215 281
235 240
169 628
866 946
316 765
298 912
244 661
541 874
15 614
126 721
326 407
236 734
682 826
185 258
95 222
423 509
83 843
209 388
651 749
360 888
641 665
414 597
606 803
718 804
534 753
259 660
95 367
97 814
150 654
500 583
195 582
197 283
343 801
159 931
185 630
274 532
347 643
920 948
938 994
165 893
789 813
264 696
428 635
28 912
412 477
378 672
53 477
436 926
71 978
403 514
518 633
316 756
423 767
166 665
119 698
393 722
151 864
216 971
487 610
272 593
471 676
113 904
313 318
494 688
116 387
80 223
227 343
156 841
730 764
140 326
213 477
471 494
110 282
539 581
318 978
427 467
375 441
30 443
49 79
563 757
126 442
217 510
566 578
271 354
553 673
510 675
666 832
225 398
460 806
688 764
149 642
835 946
29 428
13 434
531 739
513 828
35 326
489 612
1 29
184 864
369 398
185 419
558 886
83 543
134 873
262 745
251 635
340 355
123 853
696 785
17 554
94 983
510 925
349 491
277 707
80 214
614 884
652 964
136 285
100 332
176 879
375 986
486 763
340 722
587 665
490 758
843 883
400 871
516 906
844 866
23 991
118 918
372 981
32 973
90 668
414 726
146 679
324 848
272 417
165 212
498 607
282 592
80 825
104 592
613 726
525 853
193 929
195 965
197 414
49 270
718 720
679 890
129 524
38 445
298 560
885 983
151 317
597 733
47 522
451 968
254 869
865 935
37 438
221 718
422 593
439 557
76 637
423 488
120 980
264 900
851 968
12 244
235 619
162 713
52 664
200 289
182 268
570 928
519 824
187 691
459 694
614 766
352 845
320 806
386 980
217 674
469 940
348 870
312 895
204 360
21 857
591 955
82 588
502 589
303 766
804 996
92 355
471 706
95 726
520 968
367 925
760 898
294 377
812 843
46 521
247 998
802 891
254 475
293 703
242 844
190 500
281 440
778 838
449 558
9 515
428 646
198 931
417 978
626 934
418 822
793 930
166 876
558 937
170 534
9 262
356 480
410 847
375 857
28 837
87 959
234 964
401 604
592 873
295 934
4 68
538 579
333 912
8 31
796 917
118 787
356 908
394 475
712 925
472 535
267 603
360 626
241 603
574 696
98 711
353 898
227 482
464 976
631 996
577 853
303 386
655 857
451 525
692 725
713 840
140 411
272 701
146 443
256 972
630 755
97 978
81 195
137 830
119 527
501 517
174 259
250 621
567 888
434 596
125 709
272 716
71 649
314 597
811 881
276 343
262 358
946 984
506 547
654 696
398 513
165 207
238 911
332 542
494 942
208 686
247 690
198 265
127 445
127 968
469 756
257 407
258 584
260 868
43 636
632 965
375 521
466 999
393 759
193 754
323 575
602 862
766 860
12 374
330 599
113 941
630 714
166 783
189 496
155 861
194 422
505 689
324 805
402 654
539 550
115 357
313 903
580 791
193 425
219 681
436 977
273 635
827 918
310 958
238 918
421 745
385 984
44 596
279 714
49 298
529 555
715 765
181 638
256 486
419 786
331 756
131 796
480 735
722 946
85 359
32 349
17 82
454 612
700 772
184 445
114 898
188 413
246 785
320 915
265 457
800 850
768 907
35 562
255 536
91 100
556 631
315 636
743 823
299 742
138 322
467 520
138 159
375 761
323 834
824 861
734 885
623 884
91 600
475 882
277 791
258 683
167 423
459 547
555 671
152 964
5 979
376 824
323 979
285 568
605 675
415 633
71 598
555 556
168 708
315 858
523 804
304 810
302 880
488 748
710 939
33 141
195 823
747 959
30 884
471 599
147 462
37 595
455 761
115 911
242 317
244 636
133 186
406 455
3 351
210 466
442 680
430 898
490 771
307 843
324 811
344 767
164 704
508 614
256 539
387 502
26 346
526 761
212 724
691 753
51 667
263 493
108 920
164 599
127 685
899 924
60 859
22 134
225 864
524 892
64 637
405 620
46 701
428 579
12 770
144 939
400 453
384 697
21 572
759 797
244 724
939 995
152 890
68 633
289 969
678 758
129 800
402 510
646 783
4 769
518 976
521 742
338 951
112 984
55 877
437 871
193 886
265 910
229 522
104 301
563 700
604 714
382 969
763 852
360 951
180 194
533 711
59 109
549 934
443 839
22 814
335 776
232 914
411 587
372 585
620 970
553 806
327 872
606 653
240 881
3 175
224 342
498 620
335 953
47 596
104 459
489 572
415 442
550 675
73 829
20 284
332 913
166 728
57 603
595 672
120 918
120 331
63 478
192 355
12 54
116 709
397 662
396 994
217 938
289 962
94 943
203 286
758 945
82 174
464 765
190 616
156 195
121 300
10 902
412 546
546 737
890 982
586 699
876 913
449 516
18 220
147 768
274 575
294 648
22 362
665 835
26 755
100 491
706 730
546 935
11 967
637 657
226 324
86 247
87 255
200 918
701 981
338 720
407 878
411 753
505 943
112 434
113 260
735 746
538 879
758 793
354 509
762 923
226 422
685 908
198 255
112 513
221 310
205 732
367 573
296 712
169 395
8 498
10 474
266 509
486 698
638 775
397 853
763 866
234 898
415 650
277 954
224 501
593 796
64 110
262 316
320 467
283 883
451 702
360 564
15 924
306 560
128 715
396 690
255 886
274 508
471 832
472 601
847 969
316 730
388 831
183 218
192 797
275 502
376 415
195 248
456 898
401 444
309 352
185 485
648 971
423 472
351 783
480 754
577 772
566 806
109 126
557 662
245 756
246 313
427 497
464 816
156 670
72 150
551 941
71 856
402 740
769 910
550 959
187 752
633 800
297 336
597 837
249 500
583 811
90 147
127 577
398 758
455 515
829 956
223 477
479 680
650 843
667 750
192 788
122 221
216 549
267 611
567 898
237 614
236 754
76 927
664 792
454 547
309 361
24 503
351 441
426 439
226 440
302 663
48 530
124 883
356 670
547 568
358 750
15 699
454 946
164 297
859 951
735 914
37 907
892 997
73 475
614 801
315 569
61 191
246 847
388 527
764 776
582 665
90 702
217 635
18 201
509 739
257 586
406 544
206 701
636 676
193 963
50 588
414 501
108 320
547 707
86 280
381 980
471 854
575 795
133 441
29 706
304 442
486 589
395 853
433 908
415 579
38 656
519 532
279 447
418 769
93 470
55 643
419 946
5 512
337 922
409 565
139 530
563 737
51 852
176 979
215 402
321 683
328 675
145 968
607 680
665 740
498 568
119 822
389 935
357 722
504 890
671 911
582 803
89 544
309 799
551 816
273 473
383 386
348 352
36 556
222 772
420 963
464 519
671 705
712 963
305 403
307 924
801 963
74 945
348 637
223 336
296 789
645 722
62 86
120 953
746 789
196 953
103 144
566 779
454 940
53 305
613 809
7 334
63 189
117 473
67 739
583 641
269 591
291 491
20 683
516 720
314 389
336 512
484 610
657 912
585 952
162 987
434 852
551 738
897 991
6 712
26 58
195 212
68 571
458 910
274 371
97 103
188 794
299 377
636 979
285 507
140 546
148 835
40 204
844 877
241 487
9 956
616 980
104 937
853 905
360 904
470 743
267 929
342 733
418 898
218 807
203 559
474 746
934 945
331 588
186 723
440 491
629 882
284 895
449 824
84 569
214 760
639 679
508 848
157 956
436 546
56 827
837 976
440 549
8 873
98 247
392 648
462 943
653 733
85 432
138 801
357 597
358 844
891 958
32 292
865 916
554 767
442 760
212 592
503 573
74 562
517 569
99 982
262 379
282 333
764 812
30 440
450 785
363 909
109 236
842 862
148 374
352 815
60 939
97 346
78 420
294 587
80 835
704 787
29 565
656 918
430 556
90 126
56 653
715 878
204 458
41 952
297 921
462 509
762 857
63 970
708 842
13 684
124 740
728 926
87 842
552 641
149 834
520 938
278 942
760 996
67 585
139 372
191 760
549 918
783 851
915 938
236 604
145 464
475 995
882 980
241 401
134 904
541 925
69 742
285 937
267 991
52 980
164 526
491 566
55 425
310 979
274 519
684 786
39 773
150 455
188 526
101 864
541 707
118 774
263 555
559 617
821 952
623 955
220 415
18 512
242 707
3 236
334 869
596 632
206 531
373 380
209 800
799 805
389 556
413 768
341 355
16 97
682 788
477 867
3 381
226 760
96 260
483 945
653 800
232 655
341 622
764 947
28 275
358 644
75 776
385 859
461 890
439 605
60 188
634 706
523 992
211 367
84 743
68 172
822 1000
913 972
273 301
256 355
453 801
296 389
73 901
558 790
691 841
122 155
47 279
321 569
341 507
322 786
485 811
679 882
420 443
645 686
741 857
81 184
425 523
562 563
100 630
101 762
684 920
527 654
245 827
35 196
271 751
200 218
344 629
20 474
41 96
222 634
260 457
171 331
635 750
64 825
377 517
484 815
305 683
51 452
289 593
527 832
16 700
861 918
515 776
948 992
185 219
296 647
245 684
11 371
563 715
782 822
414 443
73 910
127 648
183 234
715 900
519 833
187 239
282 931
136 618
448 753
529 568
162 419
604 961
434 883
61 602
45 843
228 509
598 665
28 703
486 935
103 480
253 936
127 851
346 864
405 915
367 522
153 551
152 729
100 378
673 902
619 948
853 965
126 947
110 642
37 253
240 306
295 532
224 694
114 343
756 986
872 941
874 945
122 826
157 158
215 567
56 879
457 925
385 531
496 885
248 652
85 945
377 821
446 818
268 713
527 623
319 958
180 464
492 981
396 616
874 960
205 941
24 391
3 662
653 762
304 322
69 952
30 694
431 778
345 717
287 726
14 961
163 988
90 453
517 832
420 726
497 954
473 942
668 871
78 233
409 470
445 698
634 793
27 630
618 959
835 888
602 661
470 674
17 678
86 121
824 1000
660 824
161 278
311 459
714 843
350 802
72 696
415 680
513 569
9 311
337 994
176 598
356 407
616 617
429 455
52 371
470 541
145 912
348 844
55 632
168 591
42 329
460 834
101 644
320 352
526 671
854 887
266 305
229 752
281 368
155 634
342 945
183 930
702 811
96 742
45 957
430 777
415 512
87 871
749 981
219 630
418 721
628 877
754 941
576 960
459 708
279 939
135 283
543 997
27 591
656 706
198 917
162 801
180 640
625 856
18 701
205 893
517 534
131 573
370 585
78 724
447 735
263 834
692 909
1 534
435 851
555 670
699 981
22 603
239 674
740 945
278 687
445 917
653 667
11 669
356 954
213 228
229 761
345 686
274 296
386 878
403 564
280 586
208 999
101 542
299 903
134 499
305 582
235 773
604 605
325 907
383 879
756 896
260 429
314 354
132 208
908 958
728 759
121 852
270 980
162 741
271 880
715 979
184 255
793 957
495 859
207 685
632 765
154 404
49 775
379 754
640 690
327 882
109 187
435 485
291 424
18 122
260 374
763 956
123 918
89 439
107 560
346 408
401 456
181 591
734 780
185 798
199 974
421 619
149 768
81 157
867 970
725 727
130 755
283 582
31 315
490 693
507 625
164 889
237 530
290 556
202 855
220 813
114 949
596 868
80 749
645 796
409 425
106 613
34 553
273 362
420 594
37 556
58 317
186 291
115 379
276 734
80 892
251 533
619 801
29 951
88 802
217 655
89 706
328 390
716 778
328 528
2 219
127 597
613 740
247 511
67 995
138 452
430 612
199 530
75 253
244 732
687 978
174 180
838 849
178 254
50 651
782 962
17 753
311 446
516 956
350 448
260 1000
65 698
155 210
411 793
17 831
641 879
948 970
473 571
129 486
240 794
625 835
169 863
150 284
243 874
101 855
173 458
122 684
29 944
709 861
32 65
154 851
16 848
509 584
20 888
278 474
498 612
8 42
375 628
47 604
802 822
106 782
36 85
274 277
220 908
682 861
848 946
25 284
277 658
480 801
369 913
577 770
599 837
101 196
31 647
855 874
232 696
764 900
236 524
368 893
93 458
424 756
168 841
388 538
187 653
190 991
67 93
356 888
108 887
141 938
348 696
94 806
59 439
4 903
129 930
777 974
293 478
387 492
389 843
84 437
475 513
369 755
519 718
213 578
328 542
2 173
493 775
223 792
901 922
353 412
370 819
5 822
852 946
4 729
44 125
22 168
528 920
406 646
158 568
70 787
397 449
788 983
552 696
143 749
680 739
203 446
93 712
277 667
648 972
297 520
266 985
543 561
603 848
196 282
178 240
362 763
454 952
308 595
783 872
510 563
70 885
132 180
350 434
483 974
62 582
579 696
634 847
156 671
10 31
342 694
186 873
61 875
390 505
67 841
31 505
236 809
38 976
20 782
93 229
331 560
184 703
225 472
151 261
137 558
156 267
488 673
160 846
13 857
508 700
84 803
1 817
273 737
368 796
451 567
594 989
773 879
315 715
408 482
372 837
85 721
284 487
674 740
13 373
771 793
240 581
75 644
701 712
313 401
6 75
262 554
193 494
28 425
158 733
619 892
11 924
197 889
825 891
495 713
45 181
856 863
546 634
157 539
379 663
160 982
14 42
361 557
34 326
201 948
91 693
293 518
111 259
457 597
846 850
741 818
57 517
185 978
627 999
245 861
530 934
708 855
140 606
54 60
347 860
477 773
226 730
208 364
392 679
69 459
234 400
785 800
533 919
589 719
56 976
493 976
312 548
2 522
405 959
83 812
190 447
616 999
746 954
144 728
896 904
256 758
594 685
313 523
295 910
522 753
133 272
194 853
712 885
680 926
368 576
510 799
829 973
21 752
477 749
133 982
79 900
228 927
64 483
443 1000
250 911
515 665
255 264
92 305
111 962
330 362
205 622
647 749
465 641
228 878
375 969
11 192
319 844
124 335
582 962
286 497
2 984
352 744
43 179
104 931
211 905
603 980
232 248
434 441
513 951
345 447
258 737
403 837
391 496
543 759
28 923
85 112
565 843
659 855
215 838
128 680
1 606
145 187
143 783
454 847
167 660
223 459
44 975
24 350
511 778
868 956
99 761
238 598
321 922
103 229
31 814
233 611
134 893
33 219
492 787
737 965
202 344
370 371
331 692
460 587
647 746
65 810
98 665
104 795
321 779
653 820
140 547
50 673
235 272
492 674
507 544
882 931
241 486
387 416
122 796
356 795
565 803
123 624
415 795
604 692
568 792
606 688
481 651
194 762
176 486
729 779
605 882
343 479
73 148
515 630
435 477
187 985
646 682
614 992
60 329
387 789
501 702
867 949
746 757
433 950
512 650
450 569
468 553
142 355
94 120
154 238
172 180
289 315
555 822
259 671
190 997
335 649
48 377
176 270
527 997
272 428
256 731
310 985
96 597
116 163
321 558
49 222
584 959
270 379
346 424
145 835
18 518
184 866
242 713
258 610
438 903
148 230
635 937
33 895
572 605
439 982
260 452
649 886
577 654
906 921
372 928
545 933
237 979
733 974
476 890
94 441
272 276
73 511
59 739
170 489
131 731
298 873
246 276
43 877
268 590
345 991
252 701
235 415
453 807
40 74
205 816
3 533
629 702
848 860
315 970
523 692
232 423
269 372
418 603
309 882
257 386
37 894
223 294
171 881
206 528
226 508
652 699
47 532
122 599
394 422
506 758
865 933
534 850
186 964
168 882
851 970
726 895
31 607
362 418
72 494
589 748
113 710
755 764
2 956
645 838
153 965
634 707
523 604
304 631
563 709
724 833
215 334
469 639
324 857
4 244
240 857
684 778
296 987
645 983
168 603
816 876
893 967
345 849
434 889
716 832
127 964
18 632
610 949
275 634
165 172
220 407
3 212
208 439
501 649
464 987
85 799
448 933
840 978
323 563
837 859
85 330
240 519
4 800
614 868
778 836
82 876
564 675
104 887
910 979
252 777
90 355
289 462
292 845
795 964
150 680
338 873
523 597
133 794
230 859
85 172
13 959
408 653
212 773
522 820
91 631
41 334
390 636
524 858
119 747
361 764
654 806
414 459
418 451
310 605
847 905
719 836
336 814
296 849
63 447
786 982
568 989
1 889
720 964
349 959
650 915
122 968
191 790
907 922
180 691
288 479
312 928
493 927
38 250
644 916
292 884
354 762
447 680
195 557
87 220
125 777
311 695
719 988
333 380
243 825
208 672
280 899
391 913
690 831
322 869
549 855
895 981
195 954
308 816
697 855
352 955
479 744
405 789
25 676
25 881
46 100
394 595
13 293
677 696
895 954
201 650
753 853
103 935
459 718
24 55
6 123
544 830
478 755
122 396
656 716
678 850
73 558
718 784
295 961
133 780
528 823
428 440
391 708
359 563
286 668
250 741
103 307
18 444
68 154
291 445
25 510
30 992
503 831
658 898
877 888
103 847
34 137
293 711
773 792
685 934
425 637
25 890
528 981
85 357
505 719
340 837
396 426
471 600
184 447
115 904
633 656
150 706
43 362
135 282
619 933
194 447
251 655
9 564
125 383
70 416
182 677
110 653
310 467
19 184
352 875
59 516
249 469
174 969
103 759
626 663
630 824
280 913
388 402
245 508
462 626
102 565
543 794
394 783
88 313
565 899
305 322
54 71
74 315
291 307
92 321
751 936
131 775
65 468
325 453
475 530
336 503
228 813
373 457
562 679
605 920
91 546
572 953
313 919
264 739
265 321
598 909
250 314
32 52
551 792
715 931
221 512
3 168
539 880
80 123
499 729
335 946
178 885
395 505
605 698
431 750
291 686
552 708
200 548
420 778
471 761
95 829
808 911
627 946
238 529
114 547
49 992
431 800
216 506
394 921
24 599
296 732
596 869
562 789
157 645
672 919
356 843
233 890
87 115
194 964
20 643
882 994
829 830
204 250
313 920
133 871
95 430
79 821
742 821
526 710
422 764
49 149
114 376
360 968
50 934
36 515
80 114
543 701
636 836
395 811
414 995
509 575
418 510
129 625
534 912
256 818
668 981
353 933
760 942
227 265
778 923
194 940
504 898
581 832
68 917
88 438
590 637
203 205
627 808
314 824
238 651
632 669
797 829
742 861
500 502
498 899
448 526
195 609
126 983
430 914
803 894
570 607
129 485
420 602
131 393
828 878
540 891
542 627
28 460
191 501
269 299
236 820
208 489
544 568
744 853
372 705
621 710
602 904
252 431
415 429
509 568
311 513
19 864
661 870
381 952
425 902
188 678
887 953
599 836
356 746
13 748
31 646
450 902
38 764
202 653
577 591
318 779
6 94
541 609
600 845
12 715
215 385
17 378
491 601
311 888
2 868
98 989
209 243
136 685
797 935
287 901
328 437
143 383
131 287
77 956
117 895
334 751
23 192
247 460
891 927
622 797
435 616
715 807
57 176
697 893
22 983
8 983
353 634
557 974
102 202
30 669
158 470
566 804
18 189
473 923
293 826
571 650
24 684
280 726
43 335
212 635
67 69
360 473
50 439
829 841
385 923
42 198
445 576
122 872
89 724
74 826
345 468
718 745
166 175
350 583
227 431
959 998
156 260
247 816
84 300
655 695
729 863
104 109
415 580
912 938
401 427
516 795
576 908
392 637
212 531
636 960
31 628
602 781
252 985
307 500
92 467
111 475
4 999
609 853
245 822
191 403
618 909
268 505
324 699
306 922
366 545
347 689
935 958
494 576
701 909
152 460
392 774
27 319
619 697
270 811
344 425
551 750
381 423
163 716
147 211
257 428
60 880
205 995
384 751
303 556
315 338
193 196
211 677
288 304
180 393
237 605
17 579
20 584
58 647
419 807
679 811
189 794
443 668
246 670
210 279
585 603
602 788
269 707
164 338
218 672
20 116
73 533
41 169
243 728
118 452
66 620
620 912
303 873
72 753
71 509
662 672
370 970
848 881
665 746
591 987
613 703
597 853
361 533
656 931
159 165
35 340
146 772
897 964
125 970
140 186
443 548
101 150
559 964
156 282
31 800
340 782
472 991
677 744
18 992
257 867
165 682
614 838
188 797
617 968
389 583
46 423
600 698
50 465
52 74
396 959
72 499
880 981
915 921
144 475
289 997
514 576
186 912
384 991
830 914
523 563
66 186
105 141
58 951
383 627
58 480
313 531
59 588
78 781
577 964
466 893
359 624
139 271
289 668
695 902
326 657
240 653
224 951
367 890
519 731
714 976
148 523
721 770
114 624
481 936
260 812
42 408
6 162
258 471
818 882
413 633
361 997
269 757
660 784
2 359
130 336
493 524
419 623
494 799
429 495
506 515
486 863
359 423
72 180
487 836
551 851
13 922
240 352
440 493
349 867
170 375
120 747
961 971
304 466
121 585
488 964
822 948
289 661
161 600
53 474
199 591
610 937
42 935
573 649
316 361
100 603
279 770
249 954
781 859
249 263
450 566
88 504
713 849
891 944
40 806
184 406
388 606
317 625
432 453
732 848
966 971
344 529
641 663
256 914
352 743
24 68
281 603
262 962
449 713
600 823
175 644
749 799
128 893
60 933
938 1000
210 217
194 754
356 581
66 370
891 984
820 927
16 477
229 721
343 471
708 805
516 855
132 377
367 904
296 893
460 944
885 971
27 767
423 753
136 433
195 196
324 957
199 910
311 901
257 643
55 831
166 349
337 416
373 636
653 805
585 631
214 467
216 441
288 459
549 916
255 632
623 743
158 662
205 862
118 288
27 982
561 804
160 923
857 875
34 956
181 758
183 811
71 812
131 916
242 452
738 916
524 677
176 571
466 870
341 496
487 572
56 203
588 919
92 172
293 546
441 791
226 519
463 909
10 702
726 781
158 526
48 607
185 871
310 755
721 885
426 846
830 831
206 975
463 818
779 827
156 237
48 558
46 451
285 783
634 778
489 908
15 90
75 455
771 866
167 303
349 989
44 288
617 738
124 534
505 524
144 572
306 944
200 435
165 218
664 941
204 363
756 837
465 571
248 309
51 552
160 438
255 327
2 146
258 629
44 940
6 255
298 550
118 197
173 720
319 795
51 994
341 362
324 931
240 430
310 348
510 946
792 810
904 932
300 725
333 683
263 704
303 930
162 786
470 859
551 998
753 811
37 525
277 579
187 717
133 793
60 181
573 886
448 580
217 680
566 927
237 853
455 489
220 549
276 314
556 975
202 607
45 131
121 613
319 590
52 286
841 892
736 940
91 333
71 612
40 883
255 332
166 247
22 104
258 588
8 348
39 639
574 703
279 806
335 590
84 356
565 621
565 984
527 657
14 395
622 732
72 398
599 685
720 965
607 914
349 499
426 816
351 846
501 983
635 761
585 618
359 371
108 799
90 830
71 319
165 950
41 293
757 812
261 642
426 707
542 557
779 902
28 37
176 998
175 365
13 951
285 946
731 750
555 674
612 977
276 894
955 998
518 704
480 913
702 855
77 346
279 718
495 512
670 976
280 900
69 187
446 816
273 395
31 441
36 52
473 758
664 810
312 767
365 501
538 783
425 493
171 298
740 796
727 810
284 432
636 912
268 346
85 800
786 974
72 992
71 754
183 617
192 964
63 308
90 825
253 347
1 738
642 912
40 152
702 975
204 257
429 453
88 132
74 789
182 594
74 686
290 310
74 123
219 452
459 920
612 984
666 938
3 189
156 581
211 808
177 261
86 916
491 677
91 757
534 908
629 983
523 800
191 251
686 827
177 662
196 313
768 799
434 754
589 830
382 627
473 949
476 492
457 742
21 493
383 725
499 949
133 190
167 823
390 649
135 277
283 436
746 875
430 453
766 981
269 430
134 978
325 364
362 557
698 918
40 586
435 804
570 579
38 245
291 468
153 928
152 600
207 285
669 909
47 722
619 750
376 641
561 889
674 997
373 714
15 368
127 673
755 840
111 219
404 599
518 690
167 416
408 530
116 579
227 397
190 771
2 816
618 653
670 962
379 620
88 314
87 649
487 601
141 731
44 477
155 738
249 873
174 874
468 603
489 960
492 852
110 351
511 519
38 157
241 476
954 961
593 925
354 789
61 159
649 899
464 855
156 200
192 391
545 594
470 690
35 572
219 421
183 748
241 794
132 991
441 534
78 360
810 995
337 978
528 806
284 767
658 866
454 683
509 692
271 350
151 649
278 676
227 434
722 784
122 523
564 873
393 484
604 935
17 432
112 844
331 336
701 817
441 829
758 770
644 672
210 313
140 442
13 335
365 625
516 951
41 542
406 936
278 296
316 558
9 479
925 975
359 968
358 592
752 935
432 978
91 119
71 878
382 385
884 963
155 281
504 677
193 433
85 994
545 708
67 852
191 922
342 873
181 549
590 789
312 812
684 989
560 723
61 975
120 810
689 945
66 442
726 963
283 791
106 773
802 829
464 551
364 699
219 344
330 944
94 596
202 973
166 735
496 605
421 530
562 711
27 679
818 861
765 792
628 836
37 55
989 997
167 802
95 257
558 619
8 462
559 717
196 1000
293 920
295 563
168 979
115 783
632 781
744 967
47 745
391 401
266 762
200 452
860 997
570 719
129 984
439 880
153 753
78 862
155 399
565 925
31 847
123 371
142 187
180 445
394 825
537 718
310 520
607 855
592 981
226 719
467 715
636 947
431 817
12 629
216 916
30 667
380 927
474 923
383 772
95 270
278 314
42 77
118 496
407 898
335 673
556 711
670 796
123 593
286 298
378 798
419 730
705 820
316 593
67 665
47 344
106 996
32 527
583 815
605 787
695 957
254 642
274 580
278 467
335 904
232 786
268 848
322 495
323 944
14 514
608 733
552 698
128 162
311 537
309 946
54 767
313 720
166 713
151 383
534 745
115 876
24 685
354 825
277 522
392 454
210 437
488 602
620 931
127 765
790 791
921 932
242 994
261 721
408 710
190 855
212 830
85 552
410 898
470 585
72 232
254 319
92 833
143 818
185 975
269 999
438 491
236 817
425 569
64 604
472 978
215 810
257 784
574 887
42 428
848 930
24 506
759 994
355 959
686 865
429 935
28 737
447 472
450 921
139 993
125 238
217 373
308 548
350 870
222 230
596 890
350 443
407 485
177 573
235 444
400 663
254 573
242 592
149 585
562 905
10 346
389 955
11 434
734 838
77 354
44 544
669 788
67 276
140 600
417 754
280 968
312 461
95 793
79 755
189 452
25 501
351 894
9 761
46 598
216 873
56 978
407 482
544 871
746 952
211 335
233 267
927 984
824 930
15 306
34 578
158 159
201 357
237 457
550 940
417 937
187 860
771 913
349 677
540 856
337 357
500 823
447 861
104 632
83 466
47 653
303 729
587 904
35 768
770 798
219 268
36 433
550 831
37 856
57 524
133 537
200 343
462 928
891 933
329 396
203 717
58 655
405 410
171 363
334 959
501 603
372 853
447 563
653 825
338 578
505 646
84 162
197 216
286 802
413 639
17 724
720 891
539 587
701 728
95 919
557 766
7 331
134 922
66 187
282 326
521 869
303 881
587 816
70 489
163 620
37 165
594 674
295 897
149 449
296 566
614 673
525 667
393 426
341 484
364 638
626 873
552 860
94 659
272 916
701 783
226 635
336 658
557 928
617 807
651 656
429 513
229 868
12 116
730 955
64 929
486 903
345 351
219 536
326 395
865 912
402 443
442 764
497 993
408 772
183 424
63 667
887 917
102 247
67 403
214 454
489 920
571 681
402 692
99 514
560 971
27 987
281 593
11 328
197 850
878 902
454 510
807 883
497 696
352 811
65 337
119 332
209 666
319 926
781 969
644 745
539 827
510 783
282 438
230 927
106 665
216 975
358 835
162 576
144 443
322 951
274 361
574 787
721 890
43 274
498 894
232 644
605 935
144 688
269 407
535 924
19 583
347 978
645 850
389 435
559 811
802 899
16 335
107 142
233 911
442 473
170 383
262 265
448 751
33 567
638 675
162 405
309 887
94 214
132 813
424 937
560 800
667 708
743 767
408 600
139 853
600 737
456 943
272 588
402 429
725 859
212 575
105 553
325 760
641 751
202 731
576 682
59 62
422 792
151 940
81 109
609 710
579 817
118 607
46 296
579 644
52 524
273 998
76 288
455 577
300 518
318 509
580 846
212 285
432 608
819 921
489 593
16 469
328 924
255 345
274 456
384 707
147 247
116 656
924 965
686 796
154 568
784 970
643 887
453 524
718 914
517 647
754 900
440 880
905 926
411 811
102 813
512 964
103 177
104 199
859 994
253 335
215 589
84 883
217 565
516 544
171 529
248 786
10 836
45 120
452 689
549 722
59 628
110 614
183 803
4 89
792 962
24 194
538 580
81 503
377 808
29 79
563 628
382 716
588 596
384 730
94 192
55 927
813 878
743 749
409 710
320 728
253 940
257 839
8 912
355 571
524 899
100 704
101 584
470 856
72 279
791 968
63 524
155 295
176 603
47 424
12 382
301 594
255 766
522 645
29 72
322 872
824 827
309 834
701 812
226 396
338 649
192 260
134 269
319 771
360 379
66 250
358 879
90 908
126 141
287 746
30 775
76 930
752 754
516 988
20 492
295 640
668 875
351 498
27 472
580 901
300 717
29 831
84 212
47 917
214 485
303 938
768 945
531 984
252 770
14 315
438 583
105 201
666 746
483 817
454 601
356 800
215 901
678 936
382 501
315 979
427 822
316 406
194 727
177 259
107 590
74 192
76 535
183 365
439 472
38 474
208 423
226 529
278 515
615 867
644 692
564 780
29 242
124 862
465 581
16 542
401 800
215 747
511 528
77 710
48 980
267 879
358 684
1 737
36 235
917 947
757 761
132 551
556 628
742 774
317 851
283 303
323 833
487 722
589 987
291 872
1 530
94 721
19 729
332 529
163 232
116 136
776 817
452 829
53 84
237 652
625 902
511 967
113 284
58 724
331 744
152 198
371 391
330 337
336 355
869 941
639 908
323 434
696 824
566 839
399 839
164 886
700 768
178 285
754 936
133 738
890 953
172 725
634 815
247 638
267 465
307 659
308 437
311 790
316 904
320 774
212 796
176 576
319 535
250 305
339 451
229 661
545 713
71 118
715 940
864 919
240 839
259 376
425 731
116 588
138 465
342 975
491 854
623 993
149 772
60 372
352 496
740 758
631 975
537 962
581 860
51 436
30 679
765 773
288 375
327 483
60 702
168 855
630 728
26 311
212 609
28 822
374 944
233 316
434 487
17 661
56 920
130 940
536 855
313 482
406 513
155 259
637 848
411 957
